Arecibo Observatory Red Line Fabry-Perot Wind data
Plate gap:  1.0560 FSR:   84.7353 bin units sensitivity: 60.00000 [bin units*(adu/pixel)]*1/R
ao220308   flats: ao220308  quadratic background, Poisson weighting, ( sky  )   moon phase:  First quarter ; 
FSR_sky:  84.73534 bin units,  0.18795 angstroms, 8.943 km/s
Wind data corrected for instrument drift
meridional wind vectors calculated:  86
zonal wind vectoors calculated:  86
avg. LOS N (m/s):  -24.6 +/-  57.2 avg. error:    0.7  avg. LOS S (m/s):   23.3 +/-  36.0 avg. error:    0.4
avg. LOS E (m/s):   24.7 +/-  62.3 avg. error:    0.6  avg. LOS W (m/s):   67.8 +/-  58.0 avg. error:    0.9
avg. meridional (m/s):   -1.3 +/-  35.6 avg. error:     1.0
     avg. zonal (m/s):   46.2 +/-  52.4 avg. error:     1.2
  avg. vertical (m/s):    0.0 +/-  43.7 avg. error:     1.0
data quality: code=0 trustworthy;  code=1 be suspicious;  code=2 be dubious
Location latitude: 18.35, longitude: -66.75
SS-Analyze V05.02
 
 
 
 
  44 North (postive poleward) Hmax: 250.0 emission layer: 210.0
 rec  UT1   UT2  UTmid    LOS N   iLOS S  meridional  Grad S->N            code
     hours hours hours     m/s      m/s         m/s  (m/s)/500km
   1 23.30 23.34 23.32    36.78    56.29       46.53   -23.22                1
 +/-                     0.1666   0.2531      0.4200   0.2096
   6 23.51 23.54 23.53    29.41    47.73       38.57   -21.80                1
 +/-                     0.1408   0.2219      0.3639   0.2057
  11 23.80 23.84 23.82    54.86    44.07       49.47    12.84                1
 +/-                     0.2922   0.2235      0.5144   0.1335
  16 24.01 24.05 24.03    35.21    38.96       37.08    -4.46                0
 +/-                     0.1939   0.2087      0.4029   0.0485
  21 24.31 24.34 24.32    42.42    34.06       38.24     9.96                1
 +/-                     0.2659   0.2029      0.4675   0.1218
  26 24.51 24.55 24.53    62.24    45.80       54.02    19.57                0
 +/-                     0.4030   0.3155      0.7219   0.2615
  31 24.81 24.84 24.82    29.84    57.63       43.74   -33.08                0
 +/-                     0.1943   0.3806      0.5737   0.4340
  36 25.01 25.05 25.03    13.82    56.27       35.04   -50.54                0
 +/-                     0.0956   0.3784      0.4782   0.6896
  41 25.31 25.34 25.32    12.65    54.92       33.79   -50.32                0
 +/-                     0.0987   0.3931      0.5055   0.7528
  46 25.52 25.55 25.53    54.89    30.42       42.65    29.13                0
 +/-                     0.4768   0.2251      0.6861   0.4685
  51 25.81 25.84 25.82    25.20    24.71       24.95     0.57                0
 +/-                     0.2795   0.2356      0.5147   0.0119
  56 26.02 26.05 26.03  -138.17    -5.48      -71.82  -157.96                2
 +/-                     2.3778   0.3508      5.8331  12.8285
  61 26.31 26.34 26.33   -55.36    26.38      -14.49   -97.31 converging     2
 +/-                     1.0585   0.6888      0.6553   4.4014
  66 26.52 26.55 26.53  -112.90    10.92      -50.99  -147.40 converging     2
 +/-                     2.2857   0.4881      3.3121   9.5744
  71 26.81 26.84 26.83  -141.13   -13.44      -77.28  -152.01                1
 +/-                     3.0523   0.2608      3.1713   6.2375
  76 27.02 27.05 27.04  -140.04   -17.12      -78.58  -146.32                2
 +/-                     2.9959   0.3333      3.2108   5.9789
  81 27.31 27.35 27.33   -51.56   -42.34      -46.95   -10.98                2
 +/-                     1.1522   0.8332      1.9731   0.4614
  86 27.52 27.55 27.54   -53.42   -52.10      -52.76    -1.57                1
 +/-                     1.1013   1.0332      2.1340   0.0635
  91 27.81 27.85 27.83   -61.98     1.88      -30.05   -76.02 converging     1
 +/-                     1.3019   0.5961     10.1766  25.7430
  96 28.02 28.05 28.04   -82.52    19.39      -31.57  -121.33 converging     1
 +/-                     1.7080   0.3526      1.2274   4.7173
 101 28.31 28.35 28.33   -67.05    49.98       -8.53  -139.32 converging     2
 +/-                     1.3873   0.8017      0.3134   5.1173
 106 28.52 28.56 28.54  -169.58    71.80      -48.89  -287.37 converging     1
 +/-                     3.0492   1.0821      1.6159   9.4977
 111 28.81 28.85 28.83   -76.02    71.98       -2.02  -176.18 converging     0
 +/-                     1.0531   0.8966      0.0532   4.6352
 116 29.02 29.06 29.04   -67.19    50.72       -8.23  -140.36 converging     0
 +/-                     0.7915   0.5373      0.1842   3.1407
 121 29.32 29.35 29.33   -25.31    37.09        5.89   -74.28 converging     0
 +/-                     0.2054   0.3306      0.1003   1.2650
 126 29.52 29.56 29.54     1.76    33.29       17.52   -37.53                0
 +/-                     0.0125   0.2453      0.2537   0.5434
 131 29.82 29.85 29.83    35.50    22.53       29.02    15.44                0
 +/-                     0.2134   0.1321      0.3445   0.1834
 136 30.02 30.06 30.04   -45.73     1.66      -22.04   -56.41 converging     0
 +/-                     0.2657   0.0804      1.1985   3.0679
 141 30.32 30.35 30.33    28.08    19.68       23.88    10.00                1
 +/-                     0.1451   0.1321      0.2837   0.1188
 146 30.53 30.56 30.54     0.10    15.90        8.00   -18.81                0
 +/-                     0.0006   0.0841      0.0854   0.2008
 151 30.82 30.85 30.84    -5.08     8.86        1.89   -16.60 converging     1
 +/-                     0.0378   0.0475      0.0242   0.2123
 156 31.03 31.06 31.04   -19.86    29.06        4.60   -58.23 converging     0
 +/-                     0.1153   0.1713      0.0538   0.6815
 161 31.32 31.35 31.34    14.86     0.23        7.54    17.42                0
 +/-                     0.1135   0.1433      4.8306  11.1562
 166 31.53 31.56 31.55    15.68    -1.18        7.25    20.08 diverging      0
 +/-                     0.1284   0.0758      0.5244   1.4522
 171 31.82 31.85 31.84   -55.39    64.44        4.52  -142.65 converging     0
 +/-                     0.4369   0.7197      0.0862   2.7185
 176 32.03 32.06 32.05   -50.29    42.23       -4.03  -110.14 converging     2
 +/-                     0.8230   0.4778      0.1116   3.0484
 181 32.32 32.36 32.34    -3.84    77.56       36.86   -96.90 converging     0
 +/-                     0.0296   0.7313      0.6313   1.6596
 186 32.53 32.56 32.55     2.25    35.77       19.01   -39.90                1
 +/-                     0.0188   0.4523      0.3992   0.8380
 191 32.82 32.86 32.84    -7.56    -1.10       -4.33    -7.68                0
 +/-                     0.0717   0.0480      0.2293   0.4067
 196 33.03 33.07 33.05   -30.18    20.12       -5.03   -59.88 converging     0
 +/-                     0.2937   0.1970      0.0981   1.1690
 201 33.33 33.36 33.34   -39.38     2.40      -18.49   -49.74 converging     0
 +/-                     0.3052   0.1423      1.2405   3.3366
 206 33.53 33.57 33.55   -21.08   -24.13      -22.61     3.63                0
 +/-                     0.1513   0.1774      0.3284   0.0527
 211 33.83 33.86 33.84   -33.28   -33.94      -33.61     0.79                0
 +/-                     0.2185   0.2460      0.4643   0.0109
 216 34.03 34.07 34.05   -23.22   -33.94      -28.58    12.77                1
 +/-                     0.1654   0.2460      0.4108   0.1835
  42 South (postive poleward) Hmax: 250.0 emission layer: 210.0
 rec  UT1   UT2  UTmid    LOS S   iLOS N  meridional  Grad S->N            code
     hours hours hours     m/s      m/s         m/s  (m/s)/500km
   3 23.39 23.42 23.40    56.29    33.84       45.06   -26.72                1
 +/-                     0.2531   0.1563      0.4108   0.2435
   8 23.59 23.63 23.61    42.06    36.66       39.36    -6.43                1
 +/-                     0.2013   0.1839      0.3858   0.0630
  13 23.89 23.92 23.90    44.87    47.00       45.94     2.53                1
 +/-                     0.2324   0.2529      0.4851   0.0267
  18 24.10 24.13 24.11    35.01    37.26       36.14     2.68                0
 +/-                     0.1929   0.2144      0.4070   0.0301
  23 24.39 24.42 24.41    33.68    50.35       42.01    19.85                1
 +/-                     0.2069   0.3207      0.5258   0.2484
  28 24.60 24.63 24.61    53.89    53.01       53.45    -1.04                0
 +/-                     0.3878   0.3436      0.7311   0.0143
  33 24.89 24.92 24.91    59.12    23.43       41.28   -42.49                0
 +/-                     0.3777   0.1548      0.5365   0.5523
  38 25.10 25.13 25.11    54.37    13.49       33.93   -48.67                0
 +/-                     0.3789   0.0965      0.4792   0.6874
  43 25.39 25.42 25.41    55.14    29.55       42.34   -30.47                0
 +/-                     0.3987   0.2500      0.6644   0.4781
  48 25.60 25.63 25.61    13.94    46.44       30.19    38.70                0
 +/-                     0.1093   0.4207      0.5102   0.6538
  53 25.89 25.92 25.91    28.99   -40.15       -5.58   -82.31 converging     0
 +/-                     0.2857   1.1188      0.2104   3.1050
  58 26.10 26.13 26.12   -28.46  -114.64      -71.55  -102.59                2
 +/-                     0.3942   2.0030      2.2411   3.2133
  63 26.39 26.43 26.41    48.15   -78.37      -15.11  -150.62 converging     2
 +/-                     0.8057   1.5494      0.5517   5.4983
  68 26.60 26.63 26.62   -13.90  -120.94      -67.42  -127.43                2
 +/-                     0.2764   2.5041      2.7366   5.1721
  73 26.89 26.93 26.91   -13.26  -140.69      -76.97  -151.71                1
 +/-                     0.2546   3.0297      3.1360   6.1807
  78 27.10 27.14 27.12   -19.70  -114.88      -67.29  -113.31                2
 +/-                     0.3858   2.4716      2.7655   4.6568
  83 27.40 27.43 27.41   -51.34   -52.31      -51.82    -1.15                2
 +/-                     1.0109   1.1319      2.1418   0.0476
  88 27.60 27.64 27.62   -52.61   -55.86      -54.23    -3.87                1
 +/-                     1.0480   1.1585      2.2052   0.1574
  93 27.90 27.93 27.91    23.58   -70.21      -23.31  -111.66 converging     1
 +/-                     0.4160   1.4646      0.8976   4.2988
  98 28.10 28.14 28.12    16.58   -78.10      -30.76  -112.72 converging     1
 +/-                     0.3101   1.6164      1.2120   4.4408
 103 28.40 28.43 28.41    63.29  -108.06      -22.39  -203.99 converging     2
 +/-                     0.9975   2.0521      0.7779   7.0889
 108 28.61 28.64 28.62    77.48  -142.90      -32.71  -262.36 converging     1
 +/-                     1.1385   2.4800      1.0483   8.4082
 113 28.90 28.93 28.91    69.77   -72.48       -1.35  -169.35 converging     0
 +/-                     0.7997   0.9482      0.0332   4.1566
 118 29.11 29.14 29.12    38.02   -55.25       -8.62  -111.04 converging     0
 +/-                     0.3624   0.6245      0.1796   2.3136
 123 29.40 29.43 29.42    36.72   -14.46       11.13   -60.92 converging     0
 +/-                     0.3179   0.1281      0.1950   1.0672
 128 29.61 29.64 29.62    31.00    11.37       21.19   -23.36                0
 +/-                     0.1970   0.0697      0.2645   0.2917
 133 29.90 29.93 29.92    19.16     3.01       11.08   -19.22                0
 +/-                     0.1063   0.2343      0.9240   1.6023
 138 30.11 30.14 30.12   -10.01   -24.74      -17.38   -17.53                0
 +/-                     0.0632   0.2314      0.2721   0.2746
 143 30.40 30.43 30.42    31.48    16.89       24.19   -17.37                1
 +/-                     0.1595   0.0873      0.2475   0.1778
 148 30.61 30.64 30.63     5.52    -1.37        2.07    -8.20 converging     0
 +/-                     0.0339   0.0111      0.0296   0.1170
 153 30.90 30.94 30.92    10.19   -10.99       -0.40   -25.22 converging     1
 +/-                     0.0530   0.0688      0.0046   0.2889
 158 31.11 31.14 31.13    41.64    -9.98       15.83   -61.44 converging     0
 +/-                     0.2502   0.1148      0.2773   1.0762
 163 31.40 31.44 31.42   -16.25    15.19       -0.53    37.43 diverging      0
 +/-                     0.1008   0.1195      0.0075   0.5265
 168 31.61 31.65 31.63     8.86    -4.53        2.17   -15.94 converging     0
 +/-                     0.0592   0.2161      0.1180   0.8674
 173 31.90 31.94 31.92    86.52   -53.35       16.58  -166.51 converging     0
 +/-                     0.9822   0.5913      0.3721   3.7358
 178 32.11 32.15 32.13    12.70   -37.07      -12.19   -59.25 converging     2
 +/-                     0.1415   0.5971      0.3321   1.6146
 183 32.41 32.44 32.42   103.28    -1.41       50.93  -124.63 converging     0
 +/-                     0.9652   0.0253      1.3884   3.3973
 188 32.61 32.65 32.63    -9.24    -0.54       -4.89    10.36                1
 +/-                     0.1103   0.0338      0.3646   0.7722
 193 32.91 32.94 32.92     2.13   -16.60       -7.24   -22.30 converging     0
 +/-                     0.0233   0.1605      0.1491   0.4594
 198 33.12 33.15 33.13    32.12   -32.79       -0.34   -77.28 converging     0
 +/-                     0.3128   0.2969      0.0063   1.4524
 203 33.41 33.44 33.42    -9.41   -32.06      -20.74   -26.97                0
 +/-                     0.0746   0.2436      0.3219   0.4187
 208 33.62 33.65 33.63   -33.94   -24.55      -29.25    11.18                0
 +/-                     0.2460   0.1704      0.4149   0.1586
  43  East (positive eastward) Hmax: 250.0 emission layer: 210.0
 rec  UT1   UT2  UTmid    LOS E   iLOS W      zonal   Grad W->E            code
     hours hours hours     m/s      m/s         m/s  (m/s)/500km
   2 23.34 23.38 23.36    85.49    99.11       92.30   -16.21                1
 +/-                     0.4186   0.4569      0.8775   0.1541
   7 23.55 23.59 23.57   114.07   102.83      108.45    13.38                1
 +/-                     0.5797   0.4911      1.0691   0.1319
  12 23.85 23.88 23.86    75.84   113.80       94.82   -45.19                1
 +/-                     0.4335   0.6048      1.0458   0.4984
  17 24.05 24.09 24.07   123.44   113.14      118.29    12.27                1
 +/-                     0.7123   0.6378      1.3494   0.1399
  22 24.35 24.38 24.36    59.19   117.50       88.35   -69.43                1
 +/-                     0.3953   0.7243      1.1346   0.8917
  27 24.56 24.59 24.57   111.62   129.02      120.32   -20.71                1
 +/-                     0.7483   0.8592      1.6079   0.2768
  32 24.85 24.88 24.86   137.03   144.86      140.95    -9.32                1
 +/-                     0.9241   0.9518      1.8765   0.1241
  37 25.06 25.09 25.07    87.50   123.88      105.69   -43.31                1
 +/-                     0.6127   0.8425      1.4588   0.5978
  42 25.35 25.38 25.36    97.59   127.96      112.77   -36.15                1
 +/-                     0.7429   0.9654      1.7093   0.5480
  47 25.56 25.59 25.57   116.59   138.59      127.59   -26.20                0
 +/-                     1.0067   1.1161      2.1291   0.4372
  52 25.85 25.88 25.87   113.76   134.75      124.25   -24.99                0
 +/-                     1.2018   1.3638      2.5703   0.5169
  57 26.06 26.09 26.07     2.61   102.45       52.53  -118.85                2
 +/-                     0.0510   1.3149      1.6988   3.8435
  62 26.35 26.38 26.37    96.21   175.58      135.90   -94.49                2
 +/-                     1.6395   3.3675      4.9222   3.4225
  67 26.56 26.59 26.58    39.75   171.41      105.58  -156.74                2
 +/-                     0.7312   3.4845      4.0885   6.0698
  72 26.85 26.89 26.87    85.80   134.27      110.03   -57.71                2
 +/-                     1.5142   2.8389      4.2684   2.2386
  77 27.06 27.09 27.08    29.45    97.05       63.25   -80.48                2
 +/-                     0.5129   2.1241      2.4859   3.1630
  82 27.35 27.39 27.37    41.46    77.54       59.50   -42.95                2
 +/-                     0.7750   1.7372      2.4453   1.7652
  87 27.56 27.60 27.58    16.20   -11.09        2.55    32.48 diverging      2
 +/-                     0.3998   1.6424      0.4410   5.6123
  92 27.85 27.89 27.87    86.10    53.83       69.96    38.41                2
 +/-                     1.6431   2.0883      4.0495   2.2234
  97 28.06 28.10 28.08   -57.02    64.77        3.87  -144.99 converging     2
 +/-                     1.3919   1.4720      0.1826   6.8343
 102 28.36 28.39 28.37  -135.80    17.68      -59.06  -182.72 converging     1
 +/-                     2.6044   0.3838      2.4143   7.4697
 107 28.56 28.60 28.58   -63.78    56.49       -3.65  -143.18 converging     1
 +/-                     0.9504   0.9232      0.1139   4.4732
 112 28.86 28.89 28.87   -19.30    89.26       34.98  -129.24 converging     0
 +/-                     0.2165   1.2628      0.8872   3.2779
 117 29.06 29.10 29.08    -9.82    80.62       35.40  -107.67 converging     0
 +/-                     0.0915   0.9522      0.7478   2.2747
 122 29.36 29.39 29.37   -10.77    43.47       16.35   -64.57 converging     0
 +/-                     0.0736   0.4425      0.2782   1.0986
 127 29.57 29.60 29.58    18.41    43.48       30.94   -29.84                1
 +/-                     0.1130   0.3469      0.4369   0.4213
 132 29.86 29.89 29.87    44.51    40.72       42.62     4.51                1
 +/-                     0.2305   0.2693      0.5025   0.0531
 137 30.07 30.10 30.08   -17.91    33.27        7.68   -60.92 converging     0
 +/-                     0.1168   0.2025      0.0969   0.7682
 142 30.36 30.39 30.38    21.32    33.44       27.38   -14.43                1
 +/-                     0.0980   0.1925      0.2835   0.1494
 147 30.57 30.60 30.58   -49.23    27.86      -10.68   -91.76 converging     0
 +/-                     0.3069   0.1599      0.1279   1.0987
 152 30.86 30.89 30.88    33.27    27.97       30.62     6.32                1
 +/-                     0.1758   0.1656      0.3431   0.0708
 157 31.07 31.10 31.09    -4.95    18.96        7.01   -28.46 converging     1
 +/-                     0.0265   0.1248      0.0836   0.3396
 162 31.36 31.40 31.38    15.85    26.93       21.39   -13.18                0
 +/-                     0.0986   0.1815      0.2772   0.1709
 167 31.57 31.60 31.59   -57.12   -14.94      -36.03   -50.21                1
 +/-                     0.6087   0.3381      1.1994   1.6714
 172 31.86 31.90 31.88   -21.31    34.98        6.83   -67.01 converging     1
 +/-                     0.2012   0.8217      0.2250   2.2068
 177 32.07 32.10 32.09   -33.67    69.52       17.93  -122.85 converging     0
 +/-                     0.3525   0.8066      0.3957   2.7117
 182 32.36 32.40 32.38   -11.61    71.98       30.19   -99.51 converging     0
 +/-                     0.0907   0.6667      0.5155   1.6992
 187 32.57 32.61 32.59   -31.72    27.19       -2.26   -70.13 converging     1
 +/-                     0.3700   0.2823      0.0499   1.5461
 192 32.87 32.90 32.88     8.04   -14.13       -3.05    26.39 diverging      0
 +/-                     0.0802   0.1554      0.0639   0.5535
 197 33.07 33.11 33.09    -6.94    18.45        5.76   -30.23 converging     0
 +/-                     0.0584   0.3401      0.1546   0.8115
 202 33.37 33.40 33.38    -9.96    30.58       10.31   -48.26 converging     0
 +/-                     0.0747   0.2762      0.1705   0.7981
 207 33.58 33.61 33.59   -22.53    15.17       -3.68   -44.88 converging     0
 +/-                     0.1554   0.1236      0.0553   0.6751
 212 33.87 33.90 33.88   -33.75     7.00      -13.37   -48.51 converging     1
 +/-                     0.2061   0.0537      0.1843   0.6684
  43  West (positive eastward) Hmax: 250.0 emission layer: 210.0
 rec  UT1   UT2  UTmid    LOS W   iLOS E      zonal   Grad W->E            code
     hours hours hours     m/s      m/s         m/s  (m/s)/500km
   4 23.43 23.46 23.44    99.11    96.87       97.99    -2.66                1
 +/-                     0.4569   0.4828      0.9401   0.0255
   9 23.64 23.67 23.65   105.29   103.18      104.24    -2.52                1
 +/-                     0.5138   0.5380      1.0522   0.0254
  14 23.93 23.96 23.95   117.19    94.88      106.03   -26.56                1
 +/-                     0.6410   0.5450      1.1891   0.2978
  19 24.14 24.17 24.15   110.44   105.15      107.80    -6.29                1
 +/-                     0.6357   0.6221      1.2582   0.0734
  24 24.43 24.46 24.45   120.32    80.16      100.24   -47.80                1
 +/-                     0.7596   0.5365      1.3037   0.6218
  29 24.64 24.67 24.66   134.82   118.86      126.84   -19.00                1
 +/-                     0.9256   0.7984      1.7228   0.2581
  34 24.93 24.96 24.95   148.86   117.22      133.04   -37.67                1
 +/-                     0.9622   0.7995      1.7674   0.5004
  39 25.14 25.17 25.16   107.23    90.37       98.80   -20.07                1
 +/-                     0.7626   0.6498      1.4130   0.2870
  44 25.43 25.47 25.45   136.22   105.19      120.70   -36.94                1
 +/-                     1.0462   0.8484      1.9006   0.5816
  49 25.64 25.67 25.66   140.18   115.78      127.98   -29.05                0
 +/-                     1.1627   1.0622      2.2356   0.5074
  54 25.93 25.97 25.95   132.59    69.30      100.94   -75.35                0
 +/-                     1.4437   0.7415      2.1792   1.6266
  59 26.14 26.17 26.16    82.36    29.20       55.78   -63.28                2
 +/-                     1.2290   0.5023      1.7918   2.0326
  64 26.43 26.47 26.45   212.57    73.62      143.10  -165.42                2
 +/-                     4.2162   1.2762      5.3186   6.1481
  69 26.64 26.68 26.66   143.97    52.87       98.42  -108.46                2
 +/-                     2.9967   0.9543      3.8251   4.2152
  74 26.94 26.97 26.95   130.41    63.26       96.83   -79.94                2
 +/-                     2.7760   1.1137      3.7661   3.1090
  79 27.14 27.18 27.16    74.82    32.87       53.84   -49.94                2
 +/-                     1.6895   0.5874      2.1782   2.0205
  84 27.44 27.47 27.45    78.62    31.35       54.99   -56.27                2
 +/-                     1.7562   0.6250      2.3243   2.3785
  89 27.65 27.68 27.66   -70.90    36.11      -17.40   127.39 diverging      2
 +/-                     1.5665   0.7541      0.7476   5.4749
  94 27.94 27.97 27.95   103.52    28.85       66.19   -88.90                2
 +/-                     2.2962   1.5427      5.0073   6.7255
  99 28.15 28.18 28.16    38.93   -79.46      -20.27  -140.95 converging     2
 +/-                     0.9225   1.7373      0.9232   6.4212
 104 28.44 28.47 28.46     9.22  -106.99      -48.89  -138.34 converging     1
 +/-                     0.1692   1.9428      1.7849   5.0510
 109 28.65 28.68 28.66    88.01   -51.10       18.46  -165.60 converging     1
 +/-                     1.4258   0.7411      0.5667   5.0846
 114 28.94 28.97 28.96    89.76   -15.50       37.13  -125.31 converging     0
 +/-                     1.1976   0.1664      0.8939   3.0169
 119 29.15 29.18 29.16    74.52   -10.09       32.22  -100.74 converging     0
 +/-                     0.7886   0.0864      0.6167   1.9284
 124 29.44 29.47 29.46    31.11     0.90       16.01   -35.96                0
 +/-                     0.3048   0.0894      1.7417   3.9131
 129 29.65 29.68 29.67    51.69    25.82       38.76   -30.80                1
 +/-                     0.3749   0.1464      0.5008   0.3979
 134 29.94 29.97 29.96    36.36    19.54       27.95   -20.02                1
 +/-                     0.2273   0.1850      0.4393   0.3147
 139 30.15 30.18 30.17    31.21    -6.75       12.23   -45.19 converging     0
 +/-                     0.1859   0.1115      0.2747   1.0153
 144 30.44 30.48 30.46    34.33    -6.90       13.71   -49.08 converging     1
 +/-                     0.1952   0.1816      0.4389   1.5706
 149 30.65 30.68 30.67    23.54   -25.74       -1.10   -58.67 converging     0
 +/-                     0.1363   0.2696      0.0179   0.9542
 154 30.94 30.98 30.96    29.73    17.98       23.85   -13.98                1
 +/-                     0.1773   0.1161      0.2962   0.1736
 159 31.15 31.19 31.17    11.78     0.97        6.38   -12.87                1
 +/-                     0.0898   0.0470      0.3572   0.7210
 164 31.44 31.48 31.46    32.95   -13.34        9.81   -55.10 converging     0
 +/-                     0.2180   0.3027      0.2874   1.6150
 169 31.65 31.69 31.67   -46.87   -46.94      -46.91    -0.08                1
 +/-                     0.4182   0.4928      0.9110   0.0015
 174 31.95 31.98 31.96    67.50   -26.25       20.62  -111.62 converging     1
 +/-                     0.9820   0.2617      0.5056   2.7364
 179 32.15 32.19 32.17    70.87   -27.39       21.74  -116.98 converging     0
 +/-                     0.6897   0.2780      0.4322   2.3258
 184 32.45 32.48 32.46    72.42   -19.63       26.39  -109.59 converging     0
 +/-                     0.6575   0.2022      0.5114   2.1235
 189 32.66 32.69 32.67    -2.96   -20.41      -11.69   -20.78                1
 +/-                     0.0322   0.2876      0.2916   0.5185
 194 32.95 32.98 32.97   -18.57     2.05       -8.26    24.55 diverging      0
 +/-                     0.2044   0.0715      0.3793   1.1270
 199 33.16 33.19 33.17    43.14    -7.80       17.67   -60.64 converging     0
 +/-                     0.4305   0.0631      0.3192   1.0954
 204 33.45 33.48 33.47    25.59   -14.99        5.30   -48.31 converging     0
 +/-                     0.2149   0.1070      0.0824   0.7506
 209 33.66 33.69 33.67     8.23   -25.72       -8.74   -40.41 converging     0
 +/-                     0.0627   0.1698      0.1244   0.5747
 214 33.95 33.98 33.97     6.51   -33.75      -13.62   -47.93 converging     1
 +/-                     0.0501   0.2061      0.1880   0.6617
 44 zenith rest positions and relative vertical velocity (negative downward)
vertical velocity is relative to the nightly average
rec UT1    UT2   UTmid   bin     Ebin   vel. z   E vel.  code
    hrs.   hrs.  hrs.     #       #       m/s     m/s
  0 23.26 23.29 23.28   52.777   0.3479   -57.1     0.9     1
        order #  2     137.710   0.4380
        order #  3     222.402   0.5157
        order #  4     307.112   0.6033
        order #  5     391.888   0.6947
  5 23.47 23.50 23.49   52.866   0.3490   -49.8     0.8     1
        order #  2     137.563   0.4435
        order #  3     222.299   0.5240
        order #  4     306.926   0.6098
        order #  5     391.952   0.7078
 10 23.76 23.80 23.78   52.809   0.3890   -39.3     0.6     0
        order #  2     137.546   0.4911
        order #  3     222.298   0.5888
        order #  4     306.812   0.6880
        order #  5     391.734   0.7932
 15 23.97 24.00 23.99   52.778   0.4073   -30.5     0.5     0
        order #  2     137.549   0.5181
        order #  3     222.479   0.6107
        order #  4     306.459   0.7040
        order #  5     391.631   0.8228
 20 24.26 24.30 24.28   52.694   0.4240   -41.0     0.7     0
        order #  2     137.628   0.5366
        order #  3     222.352   0.6424
        order #  4     306.856   0.7655
        order #  5     391.698   0.8714
 25 24.47 24.50 24.49   52.527   0.4835   -32.3     0.6     0
        order #  2     137.516   0.6125
        order #  3     221.973   0.7188
        order #  4     306.795   0.8438
        order #  5     391.862   0.9839
 30 24.76 24.80 24.78   52.678   0.4801   -22.6     0.4     0
        order #  2     137.381   0.6092
        order #  3     222.308   0.7419
        order #  4     306.849   0.8393
        order #  5     391.269   0.9745
 35 24.97 25.01 24.99   52.733   0.5151   -25.6     0.5     0
        order #  2     137.538   0.6619
        order #  3     222.176   0.7759
        order #  4     306.923   0.8977
        order #  5     391.297   1.0452
 40 25.27 25.30 25.28   52.552   0.5481   -26.4     0.5     0
        order #  2     137.460   0.6913
        order #  3     222.318   0.8298
        order #  4     306.517   0.9644
        order #  5     391.673   1.0984
 45 25.47 25.51 25.49   52.658   0.5705   -19.6     0.4     0
        order #  2     137.659   0.7240
        order #  3     221.912   0.8651
        order #  4     306.862   1.0225
        order #  5     391.312   1.1387
 50 25.77 25.80 25.78   52.843   0.7048   -18.2     0.4     0
        order #  2     137.277   0.9353
        order #  3     222.161   1.0859
        order #  4     306.406   1.3069
        order #  5     391.635   1.4251
 55 25.97 26.01 25.99   52.561   0.8960    30.3     0.8     0
        order #  2     137.132   1.1676
        order #  3     221.927   1.4344
        order #  4     305.789   1.6594
        order #  5     390.930   1.9069
 60 26.27 26.30 26.28   52.517   1.2622    37.9     1.3     1
        order #  2     136.874   1.6056
        order #  3     221.672   1.9705
        order #  4     306.274   2.4304
        order #  5     390.619   2.5009
 65 26.48 26.51 26.49   52.271   1.4117    99.2     3.6     1
        order #  2     136.601   1.8241
        order #  3     221.287   2.0820
        order #  4     305.436   2.4438
        order #  5     389.830   2.8717
 70 26.77 26.80 26.79   52.402   1.6026    55.0     2.2     2
        order #  2     136.994   1.9850
        order #  3     221.539   2.6678
        order #  4     305.184   2.9176
        order #  5     391.052   3.1524
 75 26.98 27.01 26.99   52.484   1.5772    80.0     3.2     2
        order #  2     137.013   2.0531
        order #  3     221.180   2.5766
        order #  4     305.459   2.6829
        order #  5     390.265   3.0782
 80 27.27 27.30 27.29   52.580   1.5461    85.9     3.3     2
        order #  2     136.408   2.0310
        order #  3     221.337   2.4826
        order #  4     305.588   2.7645
        order #  5     390.121   3.2703
 85 27.48 27.51 27.50   52.024   1.5431    38.0     1.5     2
        order #  2     137.489   1.9715
        order #  3     221.475   2.4876
        order #  4     306.007   2.8231
        order #  5     390.756   3.3353
 90 27.77 27.80 27.79   51.918   1.6199    33.7     1.4     2
        order #  2     137.119   2.0516
        order #  3     220.840   2.6967
        order #  4     305.932   2.8436
        order #  5     391.750   3.7847
 95 27.98 28.01 28.00   52.105   1.4886    92.6     3.6     2
        order #  2     136.554   1.9805
        order #  3     221.584   2.4408
        order #  4     305.515   2.6050
        order #  5     389.876   2.9361
100 28.27 28.31 28.29   51.877   1.2975    74.5     2.6     1
        order #  2     136.573   1.7144
        order #  3     221.291   2.0192
        order #  4     305.494   2.4774
        order #  5     390.712   2.7956
105 28.48 28.51 28.50   52.305   1.2061    76.3     2.5     1
        order #  2     136.496   1.6196
        order #  3     221.129   2.0700
        order #  4     305.911   2.2035
        order #  5     390.307   2.7333
110 28.77 28.81 28.79   52.096   1.0447    24.5     0.7     1
        order #  2     137.131   1.3378
        order #  3     221.159   1.6834
        order #  4     306.189   1.9014
        order #  5     391.471   2.2211
115 28.98 29.01 29.00   52.442   0.9795    26.8     0.8     0
        order #  2     136.910   1.2035
        order #  3     221.615   1.4526
        order #  4     306.206   1.7825
        order #  5     391.071   1.9823
120 29.27 29.31 29.29   52.644   0.6125     9.8     0.2     0
        order #  2     137.331   0.8074
        order #  3     221.658   0.9496
        order #  4     306.247   1.1134
        order #  5     391.271   1.3135
125 29.48 29.52 29.50   52.744   0.5678     2.0     0.0     0
        order #  2     137.172   0.7140
        order #  3     221.974   0.8697
        order #  4     306.539   1.0016
        order #  5     391.084   1.1686
130 29.77 29.81 29.79   52.582   0.4549   -24.0     0.5     0
        order #  2     137.619   0.5727
        order #  3     222.188   0.6992
        order #  4     306.815   0.8086
        order #  5     391.327   0.9358
135 29.98 30.02 30.00   52.714   0.4106   -14.0     0.3     0
        order #  2     137.337   0.5274
        order #  3     222.205   0.6352
        order #  4     306.634   0.7343
        order #  5     391.271   0.8599
140 30.28 30.31 30.29   52.733   0.3714   -16.5     0.3     0
        order #  2     137.449   0.4781
        order #  3     222.106   0.5756
        order #  4     306.612   0.6618
        order #  5     391.382   0.7725
145 30.48 30.52 30.50   52.619   0.3818   -18.3     0.3     0
        order #  2     137.466   0.4924
        order #  3     222.158   0.5829
        order #  4     306.600   0.6677
        order #  5     391.432   0.7779
150 30.78 30.81 30.79   52.680   0.3845   -24.3     0.4     0
        order #  2     137.250   0.4903
        order #  3     222.057   0.5861
        order #  4     306.686   0.6753
        order #  5     391.738   0.7979
155 30.99 31.02 31.00   52.699   0.3933   -29.7     0.5     0
        order #  2     137.396   0.5150
        order #  3     222.281   0.6075
        order #  4     306.703   0.6992
        order #  5     391.644   0.8277
160 31.28 31.31 31.30   52.694   0.5387   -18.6     0.4     0
        order #  2     137.380   0.6941
        order #  3     222.175   0.8320
        order #  4     306.699   0.9677
        order #  5     391.369   1.1080
165 31.49 31.52 31.50   52.692   0.4683   -45.8     0.9     0
        order #  2     137.558   0.6027
        order #  3     222.092   0.7213
        order #  4     306.961   0.8385
        order #  5     392.009   0.9970
170 31.78 31.81 31.80   52.646   0.5196    -9.8     0.2     0
        order #  2     137.355   0.6682
        order #  3     222.064   0.7957
        order #  4     306.413   0.9489
        order #  5     391.447   1.1022
175 31.99 32.02 32.00   52.488   1.1430    12.1     0.4     1
        order #  2     137.062   1.4400
        order #  3     221.705   1.7898
        order #  4     306.688   2.0440
        order #  5     390.948   2.4063
180 32.28 32.31 32.30   52.512   0.5848    10.2     0.2     0
        order #  2     137.355   0.7701
        order #  3     221.920   0.9148
        order #  4     306.339   1.0740
        order #  5     390.992   1.2607
185 32.49 32.52 32.51   52.582   0.6505    -1.5     0.0     0
        order #  2     137.729   0.8697
        order #  3     221.754   1.0335
        order #  4     306.528   1.1887
        order #  5     391.103   1.4437
190 32.78 32.82 32.80   52.614   0.7101   -18.4     0.5     0
        order #  2     137.162   0.9507
        order #  3     222.190   1.1056
        order #  4     306.766   1.3362
        order #  5     391.435   1.5133
195 32.99 33.02 33.01   52.607   0.7293   -19.9     0.5     0
        order #  2     137.422   0.9502
        order #  3     222.443   1.1710
        order #  4     306.541   1.2735
        order #  5     391.362   1.5261
200 33.28 33.32 33.30   52.840   0.6074   -34.3     0.8     0
        order #  2     137.383   0.7982
        order #  3     222.118   0.9214
        order #  4     306.913   1.1211
        order #  5     391.705   1.3069
205 33.49 33.53 33.51   52.768   0.5602   -46.7     1.0     0
        order #  2     137.644   0.7319
        order #  3     222.285   0.8807
        order #  4     306.999   1.0525
        order #  5     391.785   1.2344
210 33.78 33.82 33.80   52.936   0.4869   -31.0     0.6     0
        order #  2     137.592   0.6280
        order #  3     222.096   0.7646
        order #  4     306.765   0.8475
        order #  5     391.591   1.0166
215 33.99 34.03 34.01   53.106   0.5071   -71.6     1.5     1
        order #  2     137.849   0.6819
        order #  3     222.490   0.8148
        order #  4     306.911   0.9680
        order #  5     392.314   1.0854
Raw data available upon request
