Arecibo Observatory Red Line Fabry-Perot  Brightness and Temperature
Plate gap:  1.0560 FSR:   84.7353 bin units sensitivity: 60.00000[bin units*(adu/pixel)]*1/R
ao220308   flats: ao220308  quadratic background, Poisson weighting, ( sky  )   moon phase:  First quarter ; 
avg. brightness Z (R):   49.9 +/- 30.8 avg. error:   2.6
avg. brightness N (R):   58.4 +/- 36.6 avg. error:   2.8  avg. brightness S (R):   61.5 +/- 35.4 avg. error:   2.8
avg. brightness E (R):   64.5 +/- 36.0 avg. error:   2.8  avg. brightness W (R):   54.9 +/- 37.8 avg. error:   2.7
avg. background Z (R):   52.9 +/- 21.1 avg. error:   1.3
avg. background N (R):   60.6 +/- 32.6 avg. error:   1.6  avg. background S (R):   52.5 +/-  9.3 avg. error:   1.3
avg. background E (R):   55.3 +/- 10.7 avg. error:   1.3  avg. background W (R):   62.1 +/- 25.6 avg. error:   1.6
     avg. temp. Z (K): 1097.8 +/-121.2 avg. error:  36.3
     avg. temp. N (K): 1094.1 +/-112.9 avg. error:  33.8  avg. temp. S (K): 1117.9 +/-107.8 avg. error:  30.1
     avg. temp. E (K): 1119.4 +/-103.0 avg. error:  31.8  avg. temp. W (K): 1096.4 +/- 96.6 avg. error:  35.7
data quality: code=0 trustworthy;  code=1 be suspicious;  code=2 be dubious
Location latitude: 18.35, longitude: -66.75
SS-Analyze V05.02
 
 
 
 
image tmid Etime   AZ    ZN   signal Esignal   bkgnd  Ebkgnd   temp    Etemp  moon code
  #   hrs  hrs    deg   deg      R      R         R      R      K        K      %
   0 23.28 0.017   0.0   0.0  155.28   4.696   157.0    2.28 1226.390  17.766 39.5  1
   1 23.32 0.017   0.0  45.0  181.10   4.729   122.4    2.03 1240.809  15.095 39.5  1
   2 23.36 0.017  90.0  45.0  134.67   4.083    91.0    1.76 1255.775  17.758 39.5  1
   3 23.40 0.017 180.0  45.0  166.68   4.376    87.7    1.74 1263.849  15.209 39.5  1
   4 23.44 0.017 270.0  45.0  186.57   4.887   136.2    2.16 1295.235  15.953 39.5  1
   5 23.49 0.017   0.0   0.0  115.42   3.751    75.2    1.59 1236.044  18.664 39.5  1
   6 23.53 0.017   0.0  45.0  136.04   3.984    77.2    1.62 1226.285  16.511 39.6  1
   7 23.57 0.017  90.0  45.0  111.86   3.627    64.1    1.48 1254.618  18.750 39.6  0
   8 23.61 0.017 180.0  45.0  135.42   3.913    68.2    1.53 1240.642  16.356 39.6  1
   9 23.65 0.017 270.0  45.0  143.05   4.147    91.7    1.75 1190.688  15.971 39.6  1
  10 23.78 0.017   0.0   0.0   95.14   3.418    62.0    1.46 1273.551  21.306 39.6  0
  11 23.82 0.017   0.0  45.0  111.72   3.652    69.0    1.52 1214.403  18.344 39.6  0
  12 23.86 0.017  90.0  45.0   92.18   3.406    68.8    1.50 1174.505  20.273 39.6  0
  13 23.90 0.017 180.0  45.0  120.20   3.696    63.6    1.46 1194.694  16.771 39.7  1
  14 23.95 0.017 270.0  45.0  116.09   3.864    95.9    1.75 1116.405  17.420 39.7  1
  15 23.99 0.017   0.0   0.0   84.52   3.227    58.7    1.39 1185.351  21.046 39.7  0
  16 24.03 0.017   0.0  45.0  105.45   3.538    62.6    1.46 1249.711  19.368 39.7  0
  17 24.07 0.017  90.0  45.0   89.96   3.304    58.8    1.40 1205.345  20.525 39.7  0
  18 24.11 0.017 180.0  45.0  106.78   3.536    61.8    1.44 1214.253  18.497 39.7  0
  19 24.15 0.017 270.0  45.0  111.65   3.880   101.0    1.82 1182.216  19.466 39.7  1
  20 24.28 0.017   0.0   0.0   80.70   3.185    58.6    1.40 1216.742  22.456 39.8  0
  21 24.32 0.017   0.0  45.0   85.24   3.378    76.7    1.58 1161.587  21.779 39.8  1
  22 24.36 0.017  90.0  45.0   75.43   3.209    68.7    1.51 1227.820  24.832 39.8  0
  23 24.41 0.017 180.0  45.0   92.96   3.378    63.4    1.45 1195.897  20.199 39.8  0
  24 24.45 0.017 270.0  45.0  106.32   3.896   115.7    1.92 1127.083  19.753 39.8  1
  25 24.49 0.017   0.0   0.0   73.23   3.162    68.5    1.50 1185.132  24.314 39.8  0
  26 24.53 0.017   0.0  45.0   83.99   3.258    63.6    1.44 1172.091  21.260 39.8  0
  27 24.57 0.017  90.0  45.0   73.34   3.073    61.1    1.39 1108.207  21.766 39.8  0
  28 24.61 0.017 180.0  45.0   68.02   3.111    70.4    1.52 1195.651  26.182 39.9  0
  29 24.66 0.017 270.0  45.0   88.75   3.746   129.2    1.99 1056.088  21.649 39.9  1
  30 24.78 0.017   0.0   0.0   66.26   2.921    51.6    1.31 1217.020  25.214 39.9  0
  31 24.82 0.017   0.0  45.0   78.48   3.109    56.8    1.35 1117.526  20.555 39.9  0
  32 24.86 0.017  90.0  45.0   73.39   3.026    54.9    1.33 1128.144  21.667 39.9  0
  33 24.91 0.017 180.0  45.0   91.65   3.321    57.5    1.39 1230.197  20.645 39.9  0
  34 24.95 0.017 270.0  45.0   99.53   3.613    83.8    1.65 1174.194  20.083 39.9  1
  35 24.99 0.017   0.0   0.0   60.34   2.876    61.3    1.38 1067.023  24.108 40.0  0
  36 25.03 0.017   0.0  45.0   72.32   3.026    56.0    1.35 1146.882  22.434 40.0  0
  37 25.07 0.017  90.0  45.0   72.49   3.034    54.9    1.35 1192.687  23.371 40.0  0
  38 25.11 0.017 180.0  45.0   79.89   3.198    60.6    1.43 1231.498  23.147 40.0  0
  39 25.16 0.017 270.0  45.0   84.32   3.504   100.9    1.76 1057.283  21.056 40.0  1
  40 25.28 0.017   0.0   0.0   54.87   2.745    55.0    1.32 1098.524  26.087 40.0  0
  41 25.32 0.017   0.0  45.0   57.47   2.792    53.8    1.32 1156.033  26.637 40.1  0
  42 25.36 0.017  90.0  45.0   63.01   2.874    54.0    1.32 1142.375  24.531 40.1  0
  43 25.41 0.017 180.0  45.0   77.19   3.141    58.5    1.40 1223.017  23.347 40.1  0
  44 25.45 0.017 270.0  45.0   74.58   3.347    92.1    1.71 1126.680  24.396 40.1  1
  45 25.49 0.017   0.0   0.0   49.93   2.605    48.0    1.24 1121.978  27.750 40.1  0
  46 25.53 0.017   0.0  45.0   48.79   2.642    51.0    1.29 1204.624  31.279 40.1  0
  47 25.57 0.017  90.0  45.0   53.59   2.778    55.9    1.36 1236.149  30.777 40.1  0
  48 25.61 0.017 180.0  45.0   71.10   3.015    54.2    1.34 1213.001  24.129 40.1  0
  49 25.66 0.017 270.0  45.0   64.03   2.974    64.6    1.43 1110.213  24.509 40.1  0
  50 25.78 0.017   0.0   0.0   39.54   2.444    47.3    1.24 1203.608  35.995 40.2  0
  51 25.82 0.017   0.0  45.0   34.15   2.352    48.0    1.25 1202.932  40.543 40.2  0
  52 25.87 0.017  90.0  45.0   41.48   2.486    47.4    1.25 1220.582  35.324 40.2  0
  53 25.91 0.017 180.0  45.0   55.76   2.733    50.6    1.28 1148.055  26.609 40.2  0
  54 25.95 0.017 270.0  45.0   43.64   2.565    55.8    1.32 1084.970  30.759 40.2  0
  55 25.99 0.017   0.0   0.0   29.35   2.229    44.5    1.21 1235.964  46.245 40.2  0
  56 26.03 0.017   0.0  45.0   21.02   2.300    70.3    1.48 1139.537  64.032 40.2  2
  57 26.07 0.017  90.0  45.0   16.04   2.036    55.1    1.31 1169.493  76.469 40.3  2
  58 26.12 0.017 180.0  45.0   29.46   2.226    49.7    1.23 1039.991  38.503 40.3  0
  59 26.16 0.017 270.0  45.0   28.26   2.317    59.4    1.35 1086.508  44.408 40.3  1
  60 26.28 0.017   0.0   0.0   19.36   1.990    46.1    1.19 1108.681  57.320 40.3  1
  61 26.33 0.017   0.0  45.0   18.34   1.958    46.3    1.19 1083.243  58.314 40.3  2
  62 26.37 0.017  90.0  45.0   24.35   2.125    46.8    1.22 1154.481  50.158 40.3  1
  63 26.41 0.017 180.0  45.0   27.30   2.162    45.4    1.19 1122.148  43.738 40.4  0
  64 26.45 0.017 270.0  45.0   20.97   2.200    60.8    1.38 1138.392  60.853 40.4  2
  65 26.49 0.017   0.0   0.0   19.44   2.013    39.8    1.18 1449.520  76.340 40.4  1
  66 26.53 0.017   0.0  45.0   17.31   1.924    43.9   10.28 1123.740  63.243 40.4  2
  67 26.58 0.017  90.0  45.0   23.11   2.083    46.2    1.20 1131.403  50.809 40.4  1
  68 26.62 0.017 180.0  45.0   21.75   2.133    49.8    1.27 1247.261  61.882 40.4  1
  69 26.66 0.017 270.0  45.0   18.13   1.997    48.4    1.23 1133.770  63.298 40.4  2
  70 26.79 0.017   0.0   0.0   13.90   1.789    42.4    1.13 1050.643  68.750 40.5  2
  71 26.83 0.017   0.0  45.0   18.21   1.985    46.4    1.21 1161.991  64.107 40.5  1
  72 26.87 0.017  90.0  45.0   31.01   2.244    44.6    1.20 1178.372  41.721 40.5  0
  73 26.91 0.017 180.0  45.0   25.34   2.156    43.4    1.21 1322.502  56.196 40.5  1
  74 26.95 0.017 270.0  45.0   18.17   2.003    48.3    1.23 1154.122  64.551 40.5  2
  75 26.99 0.017   0.0   0.0   15.51   1.868    40.0    1.14 1264.402  77.614 40.5  2
  76 27.04 0.017   0.0  45.0   18.74   2.068    51.9    1.28 1186.737  66.740 40.5  2
  77 27.08 0.017  90.0  45.0   30.40   2.215    44.4    1.18 1123.767  39.944 40.5  0
  78 27.12 0.017 180.0  45.0   25.34   2.157    42.8    1.21 1350.629  57.432 40.6  1
  79 27.16 0.017 270.0  45.0   17.96   2.083    49.1   11.00 1358.086  81.154 40.6  2
  80 27.29 0.017   0.0   0.0   13.95   1.794    44.5    1.14  982.140  64.114 40.6  2
  81 27.33 0.017   0.0  45.0   15.76   1.938    54.4    1.25  944.317  59.057 40.6  2
  82 27.37 0.017  90.0  45.0   26.66   2.206    46.8    1.24 1261.195  51.975 40.6  1
  83 27.41 0.017 180.0  45.0   21.54   2.065    46.8    1.22 1164.901  56.053 40.6  1
  84 27.45 0.017 270.0  45.0   16.21   1.910    45.7    1.19 1112.069  66.534 40.6  2
  85 27.50 0.017   0.0   0.0   14.66   1.803    39.1    1.11 1165.239  72.781 40.7  2
  86 27.54 0.017   0.0  45.0   18.71   1.968    42.7    1.17 1219.306  64.749 40.7  1
  87 27.58 0.017  90.0  45.0   14.13   1.910    45.4    1.22 1288.017  89.916 40.7  2
  88 27.62 0.017 180.0  45.0   21.80   2.050    43.3    1.18 1227.904  57.822 40.7  1
  89 27.66 0.017 270.0  45.0   17.38   1.942    41.4    1.17 1298.637  73.789 40.7  2
  90 27.79 0.017   0.0   0.0   13.78   1.793    39.1    1.11 1202.442  79.866 40.7  2
  91 27.83 0.017   0.0  45.0   17.44   1.855    41.1    1.11 1017.403  54.081 40.7  1
  92 27.87 0.017  90.0  45.0   22.44   2.001    41.3    1.13 1099.650  48.488 40.8  1
  93 27.91 0.017 180.0  45.0   26.85   2.087    41.4    1.13 1057.891  40.107 40.8  0
  94 27.95 0.017 270.0  45.0   15.30   1.864    43.6    1.16 1117.478  69.152 40.8  2
  95 28.00 0.017   0.0   0.0   14.38   1.783    41.7    1.11 1011.741  63.407 40.8  2
  96 28.04 0.017   0.0  45.0   18.71   2.006    43.9    1.21 1294.890  70.529 40.8  1
  97 28.08 0.017  90.0  45.0   13.23   1.877    44.9    1.21 1277.922  93.860 40.8  2
  98 28.12 0.017 180.0  45.0   21.38   2.018    42.3    1.16 1195.271  56.418 40.8  1
  99 28.16 0.017 270.0  45.0   12.67   1.887    51.5    1.25 1105.120  85.148 40.8  2
 100 28.29 0.017   0.0   0.0   17.49   1.869    38.2    1.10 1176.974  63.188 40.9  1
 101 28.33 0.017   0.0  45.0   16.76   1.988    46.3    1.23 1287.871  78.285 40.9  2
 102 28.37 0.017  90.0  45.0   19.66   2.044    43.6    1.22 1362.513  72.015 40.9  1
 103 28.41 0.017 180.0  45.0   26.55   2.111    42.4    1.15 1116.083  43.521 40.9  0
 104 28.46 0.017 270.0  45.0   17.94   1.935    47.2    1.18 1005.598  54.493 40.9  1
 105 28.50 0.017   0.0   0.0   17.63   1.854    38.5    1.09 1101.302  57.910 40.9  1
 106 28.54 0.017   0.0  45.0   19.70   2.076    50.4    1.26 1187.923  63.491 40.9  1
 107 28.58 0.017  90.0  45.0   30.06   2.259    50.7    1.25 1069.549  39.447 41.0  0
 108 28.62 0.017 180.0  45.0   29.47   2.221    47.3    1.21 1094.977  40.422 41.0  0
 109 28.66 0.017 270.0  45.0   22.94   2.113    47.2    1.23 1198.109  55.300 41.0  1
 110 28.79 0.017   0.0   0.0   25.51   2.182    47.2    1.24 1243.453  53.103 41.0  1
 111 28.83 0.017   0.0  45.0   29.89   2.209    43.7    1.18 1165.847  42.168 41.0  0
 112 28.87 0.017  90.0  45.0   55.67   2.712    48.8    1.25 1140.778  26.199 41.0  0
 113 28.91 0.017 180.0  45.0   51.46   2.660    48.0    1.26 1220.106  30.025 41.0  0
 114 28.96 0.017 270.0  45.0   28.69   2.148    42.2    1.15 1099.052  40.106 41.1  0
 115 29.00 0.017   0.0   0.0   25.36   2.062    39.1    1.12 1175.511  46.972 41.1  0
 116 29.04 0.017   0.0  45.0   37.39   2.331    43.5    1.17 1092.972  32.663 41.1  0
 117 29.08 0.017  90.0  45.0   76.92   3.025    50.7    1.27 1092.195  19.778 41.1  0
 118 29.12 0.017 180.0  45.0   58.96   2.734    47.3    1.22 1093.412  23.679 41.1  0
 119 29.16 0.017 270.0  45.0   39.84   2.399    42.7    1.18 1203.044  34.788 41.1  0
 120 29.29 0.017   0.0   0.0   42.20   2.426    43.9    1.18 1103.983  30.208 41.2  0
 121 29.33 0.017   0.0  45.0   55.22   2.664    47.6    1.22 1048.247  23.670 41.2  0
 122 29.37 0.017  90.0  45.0   96.51   3.319    54.9    1.33 1106.822  17.364 41.2  0
 123 29.42 0.017 180.0  45.0   47.28   2.596    51.5    1.28 1118.543  29.360 41.2  0
 124 29.46 0.017 270.0  45.0   35.74   2.408    50.7    1.28 1192.684  39.306 41.2  0
 125 29.50 0.017   0.0   0.0   51.07   2.659    52.7    1.28 1086.816  26.897 41.2  0
 126 29.54 0.017   0.0  45.0   69.67   2.897    49.0    1.24 1056.657  20.280 41.2  0
 127 29.58 0.017  90.0  45.0  113.00   3.519    55.7    1.34 1101.055  15.478 41.2  1
 128 29.62 0.017 180.0  45.0   88.01   3.159    52.0    1.27 1014.585  16.550 41.2  0
 129 29.67 0.017 270.0  45.0   57.68   2.708    46.1    1.21 1112.353  24.416 41.3  0
 130 29.79 0.017   0.0   0.0   63.47   2.800    47.2    1.22 1087.209  22.263 41.3  0
 131 29.83 0.017   0.0  45.0   78.90   3.031    51.4    1.26 1002.442  17.607 41.3  0
 132 29.87 0.017  90.0  45.0  135.77   3.804    60.4    1.40 1092.037  13.706 41.3  1
 133 29.92 0.017 180.0  45.0  102.39   3.404    56.0    1.35 1117.935  16.921 41.3  0
 134 29.96 0.017 270.0  45.0   68.84   2.906    50.1    1.26 1087.490  21.283 41.3  0
 135 30.00 0.017   0.0   0.0   74.86   3.025    54.4    1.31 1074.056  20.098 41.4  0
 136 30.04 0.017   0.0  45.0   82.49   3.170    59.9    1.37 1059.821  18.841 41.4  0
 137 30.08 0.017  90.0  45.0   63.35   2.968    69.6    1.45 1002.223  22.279 41.4  0
 138 30.12 0.017 180.0  45.0   63.66   2.904    60.1    1.36 1037.250  22.265 41.4  0
 139 30.17 0.017 270.0  45.0   69.30   2.900    49.4    1.25 1070.406  20.713 41.4  0
 140 30.29 0.017   0.0   0.0   80.45   3.051    50.3    1.25 1032.634  17.894 41.4  0
 141 30.33 0.017   0.0  45.0   98.73   3.337    56.1    1.33 1043.531  16.018 41.4  0
 142 30.38 0.017  90.0  45.0  141.84   3.859    62.8    1.40 1010.333  12.240 41.5  1
 143 30.42 0.017 180.0  45.0  104.55   3.411    56.4    1.33 1048.766  15.490 41.5  1
 144 30.46 0.017 270.0  45.0   72.89   2.949    50.9    1.25 1021.401  19.016 41.5  0
 145 30.50 0.017   0.0   0.0   80.91   3.098    55.3    1.31 1024.239  18.023 41.5  0
 146 30.54 0.017   0.0  45.0   89.34   3.226    58.0    1.34 1013.987  16.753 41.5  0
 147 30.58 0.017  90.0  45.0   67.05   2.993    62.0    1.40 1106.115  23.314 41.5  0
 148 30.63 0.017 180.0  45.0   63.14   2.840    55.1    1.30 1000.428  21.006 41.5  0
 149 30.67 0.017 270.0  45.0   72.37   2.951    51.6    1.27 1030.821  19.380 41.5  0
 150 30.79 0.017   0.0   0.0   81.18   3.112    55.7    1.32 1043.134  18.401 41.6  0
 151 30.84 0.017   0.0  45.0   45.13   2.677    70.1    1.44  973.385  28.009 41.6  0
 152 30.88 0.017  90.0  45.0  101.55   3.419    62.6    1.40 1029.000  15.806 41.6  1
 153 30.92 0.017 180.0  45.0   99.77   3.349    57.2    1.33 1015.259  15.458 41.6  1
 154 30.96 0.017 270.0  45.0   69.34   2.926    53.1    1.28 1043.109  20.413 41.6  0
 155 31.00 0.017   0.0   0.0   78.64   3.090    56.6    1.33 1059.042  19.238 41.6  0
 156 31.04 0.017   0.0  45.0   83.09   3.145    54.9    1.32 1092.937  19.056 41.6  0
 157 31.09 0.017  90.0  45.0  116.00   3.574    60.0    1.38 1057.626  14.716 41.7  1
 158 31.13 0.017 180.0  45.0   87.78   3.211    56.5    1.34 1067.113  17.914 41.7  0
 159 31.17 0.017 270.0  45.0   50.03   2.656    53.7    1.30 1098.576  27.815 41.7  0
 160 31.30 0.017   0.0   0.0   54.41   2.744    57.1    1.33 1057.400  25.321 41.7  0
 161 31.34 0.017   0.0  45.0   63.28   2.939    60.1    1.39 1156.804  25.500 41.7  0
 162 31.38 0.017  90.0  45.0   98.45   3.345    57.1    1.34 1055.474  16.323 41.7  0
 163 31.42 0.017 180.0  45.0   87.37   3.159    53.0    1.28 1012.236  16.661 41.7  0
 164 31.46 0.017 270.0  45.0   70.04   2.914    48.5    1.25 1108.160  21.326 41.8  0
 165 31.50 0.017   0.0   0.0   57.84   2.684    45.3    1.19 1047.595  22.589 41.8  0
 166 31.55 0.017   0.0  45.0   43.73   2.582    59.6    1.34 1023.602  29.147 41.8  0
 167 31.59 0.017  90.0  45.0   27.93   2.284    53.5    1.31 1182.449  48.188 41.8  1
 168 31.63 0.017 180.0  45.0   68.99   2.908    52.3    1.27 1021.286  19.919 41.8  0
 169 31.67 0.017 270.0  45.0   38.12   2.451    53.9    1.29 1089.042  34.005 41.8  0
 170 31.80 0.017   0.0   0.0   52.18   2.621    48.1    1.22 1047.246  24.726 41.8  0
 171 31.84 0.017   0.0  45.0   66.38   2.847    50.1    1.24 1012.627  20.082 41.9  0
 172 31.88 0.017  90.0  45.0   53.43   2.646    50.0    1.23 1004.095  23.330 41.9  0
 173 31.92 0.017 180.0  45.0   37.85   2.352    47.5    1.20  997.912  29.695 41.9  0
 174 31.96 0.017 270.0  45.0   24.91   2.130    51.1    1.23  990.794  41.895 41.9  1
 175 32.00 0.017   0.0   0.0   20.40   2.019    52.6    1.23  918.674  45.381 41.9  1
 176 32.05 0.017   0.0  45.0   18.93   2.108    73.6    1.40  737.247  41.422 41.9  2
 177 32.09 0.017  90.0  45.0   66.23   2.860    50.3    1.25 1058.278  21.202 41.9  0
 178 32.13 0.017 180.0  45.0   40.63   2.392    46.3    1.18 1000.944  28.022 41.9  0
 179 32.17 0.017 270.0  45.0   52.29   2.582    45.2    1.17 1007.581  23.218 42.0  0
 180 32.30 0.017   0.0   0.0   41.30   2.356    41.4    1.12 1008.368  27.133 42.0  0
 181 32.34 0.017   0.0  45.0   59.86   2.716    46.9    1.20 1005.901  21.153 42.0  0
 182 32.38 0.017  90.0  45.0   60.69   2.737    47.4    1.21 1013.873  21.198 42.0  0
 183 32.42 0.017 180.0  45.0   37.01   2.283    43.0    1.13  971.436  28.479 42.0  0
 184 32.46 0.017 270.0  45.0   42.69   2.408    44.0    1.16 1009.170  26.900 42.0  0
 185 32.51 0.017   0.0   0.0   34.80   2.216    40.7    1.10  971.713  29.435 42.0  0
 186 32.55 0.017   0.0  45.0   57.03   2.677    46.2    1.20 1037.107  22.655 42.1  0
 187 32.59 0.017  90.0  45.0   24.63   2.104    50.8    1.22  946.243  39.868 42.1  1
 188 32.63 0.017 180.0  45.0   24.28   2.076    48.2    1.19  965.629  40.682 42.1  1
 189 32.67 0.017 270.0  45.0   30.59   2.246    51.4    1.24  981.008  35.141 42.1  0
 190 32.80 0.017   0.0   0.0   32.47   2.193    42.6    1.13  983.397  31.865 42.1  0
 191 32.84 0.017   0.0  45.0   46.07   2.555    53.2    1.27 1006.398  26.578 42.1  0
 192 32.88 0.017  90.0  45.0   39.54   2.413    52.1    1.24  955.864  27.945 42.2  0
 193 32.92 0.017 180.0  45.0   31.47   2.212    44.9    1.17 1030.968  35.094 42.2  0
 194 32.97 0.017 270.0  45.0   27.98   2.094    45.5    1.14  862.662  31.160 42.2  0
 195 33.01 0.017   0.0   0.0   31.68   2.190    44.6    1.15  949.214  31.559 42.2  0
 196 33.05 0.017   0.0  45.0   44.62   2.560    56.4    1.30 1005.195  27.640 42.2  0
 197 33.09 0.017  90.0  45.0   59.24   2.720    48.6    1.22  993.768  21.193 42.2  0
 198 33.13 0.017 180.0  45.0   37.95   2.321    44.1    1.15 1004.318  29.264 42.2  0
 199 33.17 0.017 270.0  45.0   33.44   2.214    41.7    1.12 1018.666  32.326 42.2  0
 200 33.30 0.017   0.0   0.0   36.97   2.247    41.9    1.10  893.698  25.631 42.3  0
 201 33.34 0.017   0.0  45.0   57.34   2.661    45.9    1.18  981.687  21.106 42.3  0
 202 33.38 0.017  90.0  45.0   65.21   2.826    49.9    1.24 1005.318  20.153 42.3  0
 203 33.42 0.017 180.0  45.0   51.58   2.575    46.3    1.18  986.470  23.009 42.3  0
 204 33.47 0.017 270.0  45.0   42.06   2.380    42.9    1.14  991.188  26.455 42.3  0
 205 33.51 0.017   0.0   0.0   40.74   2.323    41.9    1.11  912.556  24.420 42.3  0
 206 33.55 0.017   0.0  45.0   60.00   2.685    46.4    1.17  909.827  18.721 42.3  0
 207 33.59 0.017  90.0  45.0   71.87   2.915    50.3    1.24  975.154  18.139 42.3  0
 208 33.63 0.017 180.0  45.0   56.41   2.645    47.1    1.18  938.069  20.374 42.4  0
 209 33.67 0.017 270.0  45.0   47.97   2.486    44.5    1.15  946.041  22.895 42.4  0
 210 33.80 0.017   0.0   0.0   52.38   2.591    49.7    1.20  894.968  20.627 42.4  0
 211 33.84 0.017   0.0  45.0   77.03   3.126    65.7    1.42 1003.597  18.982 42.4  0
 212 33.88 0.017  90.0  45.0  105.39   3.635    90.6    1.64  944.723  15.134 42.4  1
 214 33.97 0.017 270.0  45.0   61.03   3.164   103.2    1.74  954.491  24.112 42.5  1
 215 34.01 0.017   0.0   0.0   70.05   3.378   120.7    1.87  906.592  21.260 42.5  1
 216 34.05 0.017   0.0  45.0  109.56   4.579   251.5    2.72  970.814  20.186 42.5  1
Raw data available upon request
