Cachoeira Paulista (temp) Red Line Fabry-Perot Wind data
Plate gap:  1.0192 FSR:  108.9364 bin units sensitivity: 60.00000 [bin units*(adu/pixel)]*1/R
br220308   flats: br220308  quadratic background, Poisson weighting, ( sky  )   moon phase:  First quarter ; 
FSR_sky: 108.93643 bin units,  0.19474 angstroms, 9.266 km/s
Wind data corrected for instrument drift
meridional wind vectors calculated:  85
zonal wind vectoors calculated:  88
avg. LOS N (m/s):   20.8 +/-  38.7 avg. error:    0.1  avg. LOS S (m/s):    5.2 +/-  40.9 avg. error:    0.2
avg. LOS E (m/s):   45.9 +/-  25.9 avg. error:    0.2  avg. LOS W (m/s):   42.7 +/-  24.7 avg. error:    0.1
avg. meridional (m/s):   12.9 +/-  38.4 avg. error:     0.3
     avg. zonal (m/s):   44.2 +/-  22.3 avg. error:     0.3
  avg. vertical (m/s):    0.0 +/-   8.5 avg. error:     0.1
data quality: code=0 trustworthy;  code=1 be suspicious;  code=2 be dubious
Location latitude: -22.66, longitude: -45.01
SS-Analyze V05.02
 
 
 
 
  41 North (postive northward) Hmax: 250.0 emission layer: 210.0
 rec  UT1   UT2  UTmid    LOS N   iLOS S  meridional  Grad S->N            code
     hours hours hours     m/s      m/s         m/s  (m/s)/500km
   6 22.10 22.13 22.12   -22.10   -36.66      -29.38    17.34                1
 +/-                     0.0339   0.0567      0.0905   0.0534
  11 22.37 22.40 22.39   -20.85   -32.40      -26.63    13.75                1
 +/-                     0.0323   0.0519      0.0838   0.0433
  16 22.58 22.61 22.59   -18.87   -38.09      -28.48    22.88                1
 +/-                     0.0305   0.0641      0.0939   0.0754
  21 22.84 22.87 22.86    -2.18   -33.28      -17.73    37.03                1
 +/-                     0.0042   0.0597      0.0663   0.1385
  26 23.05 23.08 23.06   -14.41   -26.41      -20.41    14.28                1
 +/-                     0.0240   0.0499      0.0726   0.0508
  36 23.52 23.55 23.54     2.48   -17.78       -7.65    24.12 diverging      1
 +/-                     0.0050   0.0383      0.0319   0.1005
  46 24.00 24.03 24.01    19.63    10.39       15.01    11.01                1
 +/-                     0.0394   0.0269      0.0690   0.0506
  51 24.27 24.30 24.28    15.70    14.76       15.23     1.12                1
 +/-                     0.0365   0.0408      0.0775   0.0057
  56 24.47 24.51 24.49    -3.51    -6.77       -5.14     3.87                1
 +/-                     0.0096   0.0604      0.0599   0.0452
  61 24.74 24.78 24.76    47.04   -13.21       16.91    71.72 diverging      1
 +/-                     0.1214   0.0453      0.1017   0.4310
  66 24.95 24.99 24.97    37.74    12.03       24.88    30.61                1
 +/-                     0.1123   0.0647      0.2079   0.2558
  71 25.22 25.25 25.23    60.51    33.08       46.80    32.65                1
 +/-                     0.1751   0.1078      0.2879   0.2009
  76 25.42 25.46 25.44    70.36    40.65       55.50    35.36                1
 +/-                     0.1977   0.1362      0.3419   0.2178
  81 25.69 25.72 25.71    47.72    22.53       35.12    29.99                1
 +/-                     0.1643   0.0851      0.2536   0.2165
  86 25.90 25.93 25.91    10.74    -6.47        2.13    20.48 diverging      1
 +/-                     0.0749   0.1047      0.0494   0.4745
  91 26.17 26.20 26.18    14.62   -16.19       -0.78    36.69 diverging      1
 +/-                     0.1154   0.1049      0.0113   0.5272
  96 26.37 26.41 26.39    89.60    42.07       65.83    56.58                1
 +/-                     0.4148   0.2884      0.7561   0.6499
 101 26.64 26.67 26.66    78.17    79.43       78.80    -1.50                1
 +/-                     0.3257   0.4164      0.7414   0.0141
 106 26.85 26.88 26.86    90.96    81.60       86.28    11.15                0
 +/-                     0.3891   0.4669      0.8628   0.1115
 111 27.11 27.15 27.13    92.21    89.97       91.09     2.66                0
 +/-                     0.4736   0.6420      1.1178   0.0326
 116 27.32 27.35 27.34    94.13    92.01       93.07     2.52                0
 +/-                     0.5351   0.7562      1.2939   0.0351
 121 27.58 27.62 27.60    71.26    81.87       76.56   -12.64                0
 +/-                     0.4424   0.7249      1.1533   0.1904
 126 27.79 27.83 27.81    66.53    61.05       63.79     6.52                0
 +/-                     0.3818   0.5151      0.9042   0.0924
 131 28.06 28.09 28.07    48.65    44.65       46.65     4.77                0
 +/-                     0.2230   0.3072      0.5348   0.0546
 136 28.26 28.30 28.28    42.32    40.58       41.45     2.06                1
 +/-                     0.1651   0.2293      0.3959   0.0197
 141 28.53 28.56 28.55    22.47    31.39       26.93   -10.63                1
 +/-                     0.0703   0.1439      0.2077   0.0819
 146 28.74 28.77 28.75    26.20    20.48       23.34     6.81                1
 +/-                     0.0727   0.0826      0.1589   0.0464
 151 29.01 29.04 29.02    25.59     6.51       16.05    22.72                1
 +/-                     0.0643   0.0241      0.0998   0.1413
 156 29.22 29.25 29.23    15.18     3.87        9.53    13.46                1
 +/-                     0.0356   0.0124      0.0528   0.0746
 161 29.48 29.51 29.50    17.64    -4.73        6.46    26.63 diverging      1
 +/-                     0.0403   0.0231      0.0462   0.1906
 166 29.69 29.72 29.70     7.53    -4.62        1.45    14.47 diverging      1
 +/-                     0.0171   0.0135      0.0076   0.0753
 171 29.95 29.99 29.97     4.14    -9.62       -2.74    16.38 diverging      1
 +/-                     0.0097   0.0286      0.0146   0.0871
 176 30.16 30.19 30.18   -10.35   -13.00      -11.67     3.15                1
 +/-                     0.0259   0.0394      0.0646   0.0175
 181 30.43 30.46 30.44   -10.24   -25.92      -18.08    18.67                1
 +/-                     0.0276   0.0812      0.1053   0.1087
 186 30.63 30.67 30.65   -19.00   -32.03      -25.51    15.51                1
 +/-                     0.0544   0.1023      0.1546   0.0940
 191 30.90 30.93 30.92   -17.51   -30.29      -23.90    15.22                0
 +/-                     0.0566   0.1064      0.1612   0.1026
 196 31.11 31.14 31.12   -33.05   -32.90      -32.97    -0.18                0
 +/-                     0.1247   0.1322      0.2570   0.0014
 201 31.37 31.40 31.39   -33.44   -39.48      -36.46     7.19                0
 +/-                     0.1527   0.1955      0.3470   0.0684
 206 31.58 31.61 31.60   -28.52   -33.98      -31.25     6.50                0
 +/-                     0.1525   0.1942      0.3457   0.0719
 211 31.85 31.88 31.86   -27.90   -40.60      -34.25    15.12                0
 +/-                     0.1922   0.2915      0.4818   0.2128
 216 32.06 32.09 32.07    -5.19   -35.76      -20.48    36.39                1
 +/-                     0.0421   0.2908      0.3326   0.5911
  44 South (postive northward) Hmax: 250.0 emission layer: 210.0
 rec  UT1   UT2  UTmid    LOS S   iLOS N  meridional  Grad S->N            code
     hours hours hours     m/s      m/s         m/s  (m/s)/500km
   3 21.97 22.01 21.99   -40.69   -22.10      -31.40    22.13                2
 +/-                     0.0633   0.0339      0.0970   0.0684
   8 22.18 22.21 22.20   -33.99   -21.72      -27.85    14.60                1
 +/-                     0.0523   0.0334      0.0857   0.0449
  13 22.45 22.48 22.47   -31.70   -20.06      -25.88    13.86                1
 +/-                     0.0517   0.0315      0.0829   0.0444
  18 22.66 22.69 22.67   -42.34   -13.66      -28.00    34.14                1
 +/-                     0.0723   0.0223      0.0934   0.1139
  23 22.92 22.96 22.94   -29.15    -7.07      -18.11    26.28                1
 +/-                     0.0540   0.0121      0.0646   0.0938
  28 23.13 23.16 23.15   -24.58   -11.45      -18.02    15.63                1
 +/-                     0.0472   0.0207      0.0671   0.0582
  33 23.40 23.43 23.41   -16.97    -1.97       -9.47    17.85                1
 +/-                     0.0357   0.0100      0.0680   0.1282
  38 23.60 23.64 23.62   -18.32     5.45       -6.43    28.31 diverging      1
 +/-                     0.0400   0.0110      0.0270   0.1187
  43 23.87 23.91 23.89     6.51    15.16       10.84    10.30                1
 +/-                     0.0161   0.0304      0.0485   0.0461
  48 24.08 24.11 24.10    12.97    18.43       15.70     6.50                1
 +/-                     0.0341   0.0385      0.0741   0.0307
  53 24.35 24.38 24.37    15.55     8.03       11.79    -8.96                1
 +/-                     0.0438   0.0258      0.0710   0.0540
  58 24.56 24.59 24.57   -21.66    12.05       -4.81    40.14 diverging      1
 +/-                     0.0715   0.0441      0.0334   0.2791
  63 24.83 24.86 24.84    -9.45    43.32       16.93    62.81 diverging      1
 +/-                     0.0336   0.1178      0.1063   0.3944
  68 25.03 25.07 25.05    26.31    44.85       35.58    22.07                1
 +/-                     0.0854   0.1319      0.2201   0.1365
  73 25.30 25.33 25.32    36.15    64.45       50.30    33.68                1
 +/-                     0.1179   0.1841      0.3078   0.2061
  78 25.51 25.54 25.52    43.65    63.30       53.48    23.39                1
 +/-                     0.1483   0.1873      0.3399   0.1487
  83 25.77 25.81 25.79    12.96    32.94       22.95    23.79                1
 +/-                     0.0565   0.1286      0.1896   0.1966
  88 25.98 26.01 26.00   -19.39    11.93       -3.73    37.29 diverging      1
 +/-                     0.1368   0.0873      0.0536   0.5360
  93 26.25 26.28 26.27   -14.78    44.51       14.87    70.59 diverging      1
 +/-                     0.0908   0.2348      0.1697   0.8059
  98 26.46 26.49 26.47    80.01    86.03       83.02     7.17                1
 +/-                     0.4203   0.3870      0.8095   0.0699
 103 26.72 26.76 26.74    79.17    83.27       81.22     4.89                1
 +/-                     0.4146   0.3510      0.7677   0.0462
 108 26.93 26.96 26.95    83.22    91.35       87.29     9.68                0
 +/-                     0.5018   0.4156      0.9234   0.1024
 113 27.20 27.23 27.21    93.05    92.98       93.01    -0.09                0
 +/-                     0.7059   0.4983      1.2040   0.0012
 118 27.40 27.44 27.42    91.32    86.99       89.16    -5.15                0
 +/-                     0.7897   0.5062      1.2898   0.0745
 123 27.67 27.70 27.68    77.57    69.36       73.47    -9.77                0
 +/-                     0.6954   0.4181      1.1015   0.1465
 128 27.88 27.91 27.89    50.06    60.95       55.51    12.96                0
 +/-                     0.3951   0.3322      0.7407   0.1730
 133 28.14 28.17 28.16    42.20    46.12       44.16     4.68                0
 +/-                     0.2673   0.1999      0.4711   0.0499
 138 28.35 28.38 28.36    39.51    36.10       37.80    -4.05                1
 +/-                     0.2039   0.1354      0.3369   0.0361
 143 28.61 28.65 28.63    27.70    23.96       25.83    -4.44                1
 +/-                     0.1166   0.0712      0.1855   0.0319
 148 28.82 28.85 28.84    15.68    26.01       20.85    12.30                1
 +/-                     0.0600   0.0701      0.1360   0.0803
 153 29.09 29.12 29.11     2.44    21.43       11.93    22.60                1
 +/-                     0.0082   0.0528      0.0695   0.1317
 158 29.30 29.33 29.31     4.82    15.95       10.39    13.25                1
 +/-                     0.0151   0.0371      0.0567   0.0723
 163 29.56 29.60 29.58    -9.08    13.60        2.26    26.99 diverging      1
 +/-                     0.0267   0.0310      0.0118   0.1409
 168 29.77 29.80 29.79    -1.66     6.47        2.40     9.69 diverging      1
 +/-                     0.0048   0.0148      0.0124   0.0501
 173 30.04 30.07 30.05   -13.23    -1.65       -7.44    13.79                1
 +/-                     0.0394   0.0162      0.0952   0.1765
 178 30.24 30.28 30.26   -12.84   -10.32      -11.58     3.01                1
 +/-                     0.0394   0.0264      0.0652   0.0169
 183 30.51 30.54 30.53   -31.87   -13.75      -22.81    21.58                1
 +/-                     0.1002   0.0383      0.1353   0.1280
 188 30.72 30.75 30.73   -32.13   -18.53      -25.33    16.18                1
 +/-                     0.1038   0.0551      0.1572   0.1004
 193 30.98 31.01 31.00   -29.46   -23.72      -26.59     6.84                0
 +/-                     0.1076   0.0838      0.1911   0.0492
 198 31.19 31.22 31.21   -35.19   -33.17      -34.18     2.40                0
 +/-                     0.1486   0.1335      0.2819   0.0198
 203 31.45 31.49 31.47   -41.44   -31.47      -36.45    11.87                0
 +/-                     0.2168   0.1526      0.3676   0.1197
 208 31.66 31.69 31.68   -28.99   -28.33      -28.66     0.79                0
 +/-                     0.1790   0.1647      0.3436   0.0095
 213 31.93 31.96 31.95   -45.76   -18.80      -32.28    32.10                0
 +/-                     0.3416   0.1320      0.4677   0.4651
 218 32.14 32.17 32.16   -29.07    -5.19      -17.13    28.43                1
 +/-                     0.2569   0.0421      0.2903   0.4817
  44  East (positive eastward) Hmax: 250.0 emission layer: 210.0
 rec  UT1   UT2  UTmid    LOS E   iLOS W      zonal   Grad W->E            code
     hours hours hours     m/s      m/s         m/s  (m/s)/500km
   2 21.93 21.97 21.95    68.74    28.63       48.68    47.75                2
 +/-                     0.1181   0.0465      0.1627   0.1596
   7 22.14 22.17 22.16    55.89    44.08       49.98    14.05                1
 +/-                     0.0873   0.0678      0.1549   0.0435
  12 22.41 22.44 22.43    70.30    63.72       67.01     7.84                1
 +/-                     0.1131   0.0984      0.2113   0.0247
  17 22.62 22.65 22.63    71.28    69.13       70.20     2.55                1
 +/-                     0.1217   0.1112      0.2327   0.0085
  22 22.88 22.92 22.90    34.67    53.78       44.22   -22.74                1
 +/-                     0.0673   0.0956      0.1645   0.0846
  27 23.09 23.12 23.11    71.74    62.35       67.05    11.18                1
 +/-                     0.1327   0.1100      0.2423   0.0404
  32 23.35 23.39 23.37    62.11    71.81       66.96   -11.55                1
 +/-                     0.1254   0.1265      0.2531   0.0437
  37 23.56 23.60 23.58    77.59    78.68       78.14    -1.30                1
 +/-                     0.1659   0.1456      0.3117   0.0052
  42 23.83 23.87 23.85    96.52    46.25       71.38    59.84                1
 +/-                     0.2208   0.0998      0.3174   0.2661
  47 24.04 24.07 24.06    83.24    53.90       68.57    34.92                1
 +/-                     0.2071   0.1238      0.3281   0.1671
  52 24.31 24.34 24.33    96.75    76.48       86.61    24.14                1
 +/-                     0.2591   0.1732      0.4282   0.1193
  57 24.52 24.55 24.53    40.57    58.82       49.70   -21.73                1
 +/-                     0.1201   0.1527      0.2761   0.1207
  62 24.79 24.82 24.80    45.65    76.00       60.82   -36.13                1
 +/-                     0.1545   0.2068      0.3714   0.2206
  67 24.99 25.03 25.01   101.78    87.02       94.40    17.57                1
 +/-                     0.3295   0.2300      0.5551   0.1033
  72 25.26 25.29 25.28    97.37    83.90       90.64    16.03                1
 +/-                     0.3148   0.2244      0.5354   0.0947
  77 25.47 25.50 25.48    83.34    83.66       83.50    -0.38                1
 +/-                     0.2813   0.2350      0.5163   0.0023
  82 25.73 25.76 25.75    56.01    25.54       40.77    36.27                1
 +/-                     0.2179   0.0792      0.2851   0.2537
  87 25.94 25.97 25.95    16.44    15.03       15.73     1.68                1
 +/-                     0.0962   0.1196      0.2173   0.0232
  92 26.21 26.24 26.22    28.32     6.31       17.32    26.20                1
 +/-                     0.2168   0.0699      0.3244   0.4909
  97 26.42 26.45 26.43    49.18    29.07       39.13    23.94                1
 +/-                     0.2559   0.1315      0.3805   0.2328
 102 26.68 26.71 26.70    61.05    41.34       51.20    23.46                1
 +/-                     0.3102   0.1804      0.4836   0.2216
 107 26.89 26.92 26.91    61.46    48.62       55.04    15.28                0
 +/-                     0.3595   0.2281      0.5801   0.1610
 112 27.15 27.19 27.17    40.69    59.74       50.21   -22.69                0
 +/-                     0.2917   0.3135      0.6236   0.2817
 117 27.36 27.39 27.38    29.05    58.24       43.64   -34.75                0
 +/-                     0.2351   0.3381      0.6066   0.4830
 122 27.63 27.66 27.64    15.85    40.95       28.40   -29.88                0
 +/-                     0.1343   0.2531      0.4162   0.4379
 127 27.83 27.87 27.85    36.44    31.02       33.73     6.46                0
 +/-                     0.2806   0.1816      0.4572   0.0876
 132 28.10 28.13 28.12    29.64    34.94       32.29    -6.31                0
 +/-                     0.1934   0.1651      0.3632   0.0709
 137 28.31 28.34 28.32    28.31    39.25       33.78   -13.03                0
 +/-                     0.1430   0.1593      0.3077   0.1187
 142 28.57 28.60 28.59    15.38    40.14       27.76   -29.47                0
 +/-                     0.0625   0.1383      0.2084   0.2213
 147 28.78 28.81 28.80    25.48    31.98       28.73    -7.74                1
 +/-                     0.0929   0.1000      0.1946   0.0524
 152 29.05 29.08 29.07    33.05    26.62       29.83     7.65                1
 +/-                     0.1058   0.0732      0.1775   0.0455
 157 29.26 29.29 29.27    25.53    29.79       27.66    -5.06                1
 +/-                     0.0767   0.0754      0.1532   0.0280
 162 29.52 29.56 29.54    27.23    26.63       26.93     0.72                1
 +/-                     0.0782   0.0645      0.1425   0.0038
 167 29.73 29.76 29.75    21.64    23.26       22.45    -1.93                1
 +/-                     0.0623   0.0561      0.1188   0.0102
 172 29.99 30.03 30.01    23.85    25.81       24.83    -2.33                1
 +/-                     0.0726   0.0643      0.1374   0.0129
 177 30.20 30.24 30.22    28.07    31.18       29.62    -3.70                1
 +/-                     0.0878   0.0795      0.1682   0.0210
 182 30.47 30.50 30.48    20.81    34.57       27.69   -16.39                1
 +/-                     0.0665   0.0915      0.1618   0.0957
 187 30.67 30.71 30.69    20.49    22.54       21.51    -2.44                1
 +/-                     0.0685   0.0622      0.1312   0.0149
 192 30.94 30.97 30.96    23.60    19.63       21.62     4.74                0
 +/-                     0.0881   0.0638      0.1509   0.0330
 197 31.15 31.18 31.16    14.13    23.97       19.05   -11.71                0
 +/-                     0.0605   0.0887      0.1520   0.0934
 202 31.41 31.45 31.43    24.14    16.82       20.48     8.72                0
 +/-                     0.1253   0.0740      0.1964   0.0836
 207 31.62 31.65 31.64    21.24    15.64       18.44     6.66                0
 +/-                     0.1309   0.0866      0.2157   0.0780
 212 31.89 31.92 31.91    36.80    17.97       27.39    22.43                0
 +/-                     0.2740   0.1268      0.3972   0.3253
 217 32.10 32.13 32.11    48.83    15.69       32.26    39.46                2
 +/-                     0.3839   0.1401      0.5417   0.6626
  44  West (positive eastward) Hmax: 250.0 emission layer: 210.0
 rec  UT1   UT2  UTmid    LOS W   iLOS E      zonal   Grad W->E            code
     hours hours hours     m/s      m/s         m/s  (m/s)/500km
   4 22.02 22.05 22.03    28.63    63.60       46.12    41.63                2
 +/-                     0.0465   0.1058      0.1516   0.1369
   9 22.22 22.26 22.24    54.40    60.33       57.36     7.06                1
 +/-                     0.0820   0.0952      0.1770   0.0218
  14 22.49 22.53 22.51    67.87    70.69       69.28     3.37                1
 +/-                     0.1058   0.1165      0.2222   0.0108
  19 22.70 22.73 22.72    69.98    59.82       64.90   -12.10                1
 +/-                     0.1148   0.1046      0.2200   0.0410
  24 22.97 23.00 22.98    46.42    49.48       47.95     3.65                1
 +/-                     0.0869   0.0934      0.1803   0.0137
  29 23.17 23.21 23.19    72.95    68.74       70.84    -5.01                1
 +/-                     0.1254   0.1304      0.2562   0.0181
  34 23.44 23.47 23.45    71.30    68.29       69.79    -3.58                1
 +/-                     0.1270   0.1415      0.2690   0.0138
  39 23.64 23.68 23.66    83.59    83.39       83.49    -0.24                1
 +/-                     0.1581   0.1827      0.3408   0.0010
  44 23.91 23.95 23.93    29.74    91.21       60.48    73.18                1
 +/-                     0.0741   0.2153      0.2934   0.3550
  49 24.12 24.16 24.14    69.97    87.39       78.68    20.73                1
 +/-                     0.1569   0.2230      0.3772   0.0994
  54 24.39 24.42 24.41    79.35    74.31       76.83    -6.00                1
 +/-                     0.1805   0.2036      0.3853   0.0301
  59 24.60 24.63 24.62    45.12    42.13       43.62    -3.55                1
 +/-                     0.1341   0.1307      0.2650   0.0216
  64 24.87 24.90 24.89    89.67    68.07       78.87   -25.72                1
 +/-                     0.2390   0.2244      0.4702   0.1533
  69 25.08 25.11 25.09    85.25   100.40       92.83    18.03                1
 +/-                     0.2240   0.3249      0.5444   0.1057
  74 25.34 25.37 25.36    83.29    91.78       87.53    10.11                1
 +/-                     0.2246   0.3014      0.5235   0.0604
  79 25.55 25.58 25.57    83.91    74.82       79.37   -10.82                1
 +/-                     0.2419   0.2615      0.5062   0.0690
  84 25.81 25.85 25.83    -0.90    40.20       19.65    48.93 diverging      1
 +/-                     0.0056   0.1693      0.2044   0.5090
  89 26.02 26.05 26.04    25.62    20.09       22.85    -6.58                1
 +/-                     0.1955   0.1333      0.3260   0.0939
  94 26.29 26.32 26.31    -2.28    36.67       17.20    46.37 diverging      1
 +/-                     0.0141   0.2325      0.2152   0.5802
  99 26.50 26.53 26.51    50.00    52.89       51.45     3.45                1
 +/-                     0.2099   0.2729      0.4813   0.0323
 104 26.76 26.80 26.78    37.40    61.21       49.31    28.34                1
 +/-                     0.1671   0.3299      0.4860   0.2794
 109 26.97 27.00 26.99    56.11    54.95       55.53    -1.38                0
 +/-                     0.2688   0.3383      0.6079   0.0151
 114 27.24 27.27 27.25    61.40    36.02       48.71   -30.21                0
 +/-                     0.3339   0.2690      0.6287   0.3899
 119 27.44 27.48 27.46    56.13    24.92       40.52   -37.15                0
 +/-                     0.3410   0.2036      0.5772   0.5292
 124 27.71 27.74 27.73    34.07    24.08       29.07   -11.89                0
 +/-                     0.2133   0.1927      0.4147   0.1697
 129 27.92 27.95 27.93    28.99    34.32       31.65     6.35                0
 +/-                     0.1605   0.2534      0.4090   0.0820
 134 28.18 28.22 28.20    37.65    29.11       33.38   -10.16                0
 +/-                     0.1671   0.1732      0.3467   0.1056
 139 28.39 28.42 28.41    40.33    24.27       32.30   -19.12                0
 +/-                     0.1540   0.1178      0.2801   0.1659
 144 28.65 28.69 28.67    40.05    19.42       29.73   -24.56                0
 +/-                     0.1311   0.0747      0.2117   0.1749
 149 28.86 28.90 28.88    26.60    27.81       27.20     1.43                1
 +/-                     0.0792   0.0969      0.1758   0.0093
 154 29.13 29.17 29.15    26.63    30.05       28.34     4.07                1
 +/-                     0.0705   0.0942      0.1639   0.0235
 159 29.34 29.37 29.36    31.90    26.07       28.98    -6.94                1
 +/-                     0.0787   0.0772      0.1573   0.0377
 164 29.60 29.64 29.62    24.23    24.99       24.61     0.91                1
 +/-                     0.0580   0.0718      0.1296   0.0048
 169 29.81 29.85 29.83    22.62    22.33       22.47    -0.34                1
 +/-                     0.0549   0.0655      0.1205   0.0018
 174 30.08 30.11 30.09    27.26    25.53       26.39    -2.05                1
 +/-                     0.0686   0.0787      0.1477   0.0115
 179 30.28 30.32 30.30    33.80    25.80       29.80    -9.52                1
 +/-                     0.0868   0.0812      0.1703   0.0544
 184 30.55 30.58 30.57    34.93    20.68       27.80   -16.96                1
 +/-                     0.0936   0.0673      0.1650   0.1006
 189 30.76 30.79 30.77    14.27    21.46       17.87     8.57                1
 +/-                     0.0412   0.0746      0.1137   0.0545
 194 31.02 31.06 31.04    22.07    19.81       20.94    -2.69                0
 +/-                     0.0740   0.0770      0.1516   0.0195
 199 31.23 31.26 31.25    25.25    17.27       21.26    -9.50                0
 +/-                     0.0985   0.0808      0.1823   0.0815
 204 31.50 31.53 31.51    12.97    22.98       17.98    11.91                0
 +/-                     0.0629   0.1275      0.1869   0.1238
 209 31.70 31.74 31.72    17.42    26.02       21.72    10.23                0
 +/-                     0.1024   0.1748      0.2736   0.1289
 214 31.97 32.01 31.99    18.21    41.63       29.92    27.88                0
 +/-                     0.1377   0.3181      0.4548   0.4238
 219 32.18 32.21 32.20    14.00    48.83       31.42    41.47                2
 +/-                     0.1417   0.3839      0.5649   0.7457
 44 zenith rest positions and relative vertical velocity (negative downward)
vertical velocity is relative to the nightly average
rec UT1    UT2   UTmid   bin     Ebin   vel. z   E vel.  code
    hrs.   hrs.  hrs.     #       #       m/s     m/s
  5 22.06 22.09 22.07   29.857   0.1136     7.9     0.0     1
        order #  2     138.003   0.1239
        order #  3     246.491   0.1341
        order #  4     355.808   0.1462
 10 22.33 22.36 22.34   29.836   0.1155     8.1     0.0     1
        order #  2     138.008   0.1257
        order #  3     246.488   0.1362
        order #  4     355.805   0.1483
 15 22.53 22.57 22.55   29.783   0.1206    13.0     0.1     1
        order #  2     137.921   0.1318
        order #  3     246.439   0.1428
        order #  4     355.752   0.1555
 20 22.80 22.83 22.82   29.905   0.1317     5.4     0.0     1
        order #  2     138.000   0.1442
        order #  3     246.520   0.1572
        order #  4     355.849   0.1713
 25 23.01 23.04 23.02   29.862   0.1303     7.9     0.0     1
        order #  2     137.976   0.1423
        order #  3     246.504   0.1550
        order #  4     355.810   0.1685
 30 23.27 23.30 23.29   29.948   0.1354    -0.2     0.0     1
        order #  2     138.012   0.1480
        order #  3     246.618   0.1615
        order #  4     355.920   0.1752
 35 23.48 23.51 23.50   29.944   0.1447    -1.6     0.0     1
        order #  2     138.053   0.1586
        order #  3     246.627   0.1735
        order #  4     355.932   0.1886
 40 23.75 23.78 23.77   29.866   0.1548     7.5     0.0     1
        order #  2     137.957   0.1699
        order #  3     246.476   0.1850
        order #  4     355.849   0.2015
 45 23.96 23.99 23.97   29.625   0.1694     1.5     0.0     1
        order #  2     138.078   0.1828
        order #  3     246.542   0.1992
        order #  4     355.935   0.2184
 50 24.23 24.26 24.24   29.973   0.1769    -9.5     0.1     1
        order #  2     138.170   0.1943
        order #  3     246.679   0.2107
        order #  4     356.053   0.2310
 55 24.43 24.47 24.45   29.948   0.1898    -3.7     0.0     0
        order #  2     138.086   0.2092
        order #  3     246.640   0.2284
        order #  4     355.962   0.2525
 60 24.70 24.74 24.72   29.941   0.2259    -7.2     0.1     1
        order #  2     138.114   0.2486
        order #  3     246.655   0.2721
        order #  4     356.036   0.2991
 65 24.91 24.94 24.93   29.906   0.2177     5.8     0.0     0
        order #  2     137.958   0.2411
        order #  3     246.612   0.2632
        order #  4     355.787   0.2900
 70 25.18 25.21 25.19   29.830   0.2207     8.0     0.1     0
        order #  2     137.982   0.2455
        order #  3     246.449   0.2675
        order #  4     355.848   0.2930
 75 25.38 25.42 25.40   29.905   0.2288     6.9     0.1     0
        order #  2     137.968   0.2537
        order #  3     246.473   0.2799
        order #  4     355.857   0.3078
 80 25.65 25.68 25.67   29.913   0.2456    10.7     0.1     0
        order #  2     137.943   0.2727
        order #  3     246.449   0.3004
        order #  4     355.784   0.3297
 85 25.86 25.89 25.87   29.822   0.3152    19.6     0.2     1
        order #  2     137.815   0.3537
        order #  3     246.323   0.3915
        order #  4     355.705   0.4346
 90 26.13 26.16 26.14   29.778   0.4972     9.3     0.2     1
        order #  2     137.891   0.5660
        order #  3     246.452   0.6256
        order #  4     355.861   0.6943
 95 26.33 26.37 26.35   29.920   0.4383     7.8     0.1     1
        order #  2     137.955   0.4955
        order #  3     246.397   0.5429
        order #  4     355.896   0.6062
100 26.60 26.63 26.61   29.868   0.3120     4.1     0.0     0
        order #  2     137.947   0.3479
        order #  3     246.553   0.3844
        order #  4     355.888   0.4274
105 26.81 26.84 26.82   29.807   0.3379     6.1     0.1     0
        order #  2     137.942   0.3744
        order #  3     246.494   0.4164
        order #  4     355.890   0.4629
110 27.07 27.10 27.09   29.767   0.4210     9.9     0.1     0
        order #  2     137.877   0.4667
        order #  3     246.609   0.5206
        order #  4     355.729   0.5833
115 27.28 27.31 27.29   29.780   0.5041     5.2     0.1     0
        order #  2     137.942   0.5707
        order #  3     246.622   0.6341
        order #  4     355.817   0.7018
120 27.54 27.58 27.56   30.022   0.5506     1.4     0.0     0
        order #  2     137.983   0.6220
        order #  3     246.587   0.6965
        order #  4     355.901   0.7786
125 27.75 27.78 27.77   29.919   0.5342    -5.2     0.1     0
        order #  2     138.149   0.6123
        order #  3     246.647   0.6662
        order #  4     355.974   0.7497
130 28.02 28.05 28.03   30.094   0.4356   -10.3     0.2     0
        order #  2     138.073   0.4942
        order #  3     246.659   0.5377
        order #  4     356.121   0.6065
135 28.22 28.26 28.24   30.010   0.3604    -8.8     0.1     0
        order #  2     138.082   0.4049
        order #  3     246.768   0.4435
        order #  4     356.001   0.4906
140 28.49 28.52 28.51   29.963   0.2833    -3.8     0.0     0
        order #  2     138.044   0.3178
        order #  3     246.627   0.3514
        order #  4     355.994   0.3871
145 28.70 28.73 28.71   29.861   0.2525     1.7     0.0     0
        order #  2     138.008   0.2794
        order #  3     246.598   0.3080
        order #  4     355.893   0.3397
150 28.97 29.00 28.98   29.861   0.2235    -0.0     0.0     0
        order #  2     137.987   0.2486
        order #  3     246.592   0.2737
        order #  4     355.954   0.3002
155 29.17 29.21 29.19   29.877   0.2060    -0.9     0.0     0
        order #  2     138.072   0.2282
        order #  3     246.618   0.2511
        order #  4     355.916   0.2765
160 29.44 29.47 29.46   30.027   0.1887    -9.8     0.1     0
        order #  2     138.136   0.2105
        order #  3     246.702   0.2306
        order #  4     356.051   0.2534
165 29.65 29.68 29.66   29.921   0.1881     5.4     0.0     1
        order #  2     137.958   0.2064
        order #  3     246.504   0.2273
        order #  4     355.878   0.2507
170 29.91 29.94 29.93   29.821   0.1949     4.7     0.0     0
        order #  2     137.927   0.2171
        order #  3     246.536   0.2378
        order #  4     355.901   0.2625
175 30.12 30.15 30.14   29.950   0.2029    -5.3     0.0     0
        order #  2     138.056   0.2264
        order #  3     246.697   0.2496
        order #  4     355.978   0.2742
180 30.38 30.42 30.40   29.892   0.2063    -3.8     0.0     0
        order #  2     138.004   0.2313
        order #  3     246.636   0.2521
        order #  4     356.013   0.2793
185 30.59 30.63 30.61   29.995   0.2137    -5.0     0.0     0
        order #  2     138.068   0.2398
        order #  3     246.618   0.2628
        order #  4     356.019   0.2940
190 30.86 30.89 30.87   30.011   0.2320   -12.2     0.1     0
        order #  2     138.167   0.2596
        order #  3     246.746   0.2870
        order #  4     356.073   0.3194
195 31.06 31.10 31.08   29.987   0.2661    -7.1     0.1     0
        order #  2     138.062   0.2976
        order #  3     246.713   0.3295
        order #  4     356.007   0.3627
200 31.33 31.36 31.35   30.028   0.3253   -10.2     0.1     0
        order #  2     138.120   0.3632
        order #  3     246.666   0.4038
        order #  4     356.097   0.4464
205 31.54 31.57 31.55   30.032   0.3748   -15.7     0.2     0
        order #  2     138.199   0.4281
        order #  3     246.864   0.4763
        order #  4     356.060   0.5276
210 31.81 31.84 31.82   29.902   0.4894   -18.8     0.3     0
        order #  2     138.189   0.5577
        order #  3     246.799   0.6208
        order #  4     356.218   0.6974
215 32.01 32.05 32.03   30.027   0.5835   -13.5     0.3     0
        order #  2     138.169   0.6804
        order #  3     246.879   0.7573
        order #  4     356.000   0.8545
220 32.28 32.31 32.30   29.970   0.6870    -5.0     0.1     2
        order #  2     138.178   0.7726
        order #  3     246.592   0.8630
        order #  4     355.988   0.9635
Raw data available upon request
