Cachoeira Paulista (temp) Red Line Fabry-Perot  Brightness and Temperature
Plate gap:  1.0192 FSR:  108.9364 bin units sensitivity: 60.00000[bin units*(adu/pixel)]*1/R
br220308   flats: br220308  quadratic background, Poisson weighting, ( sky  )   moon phase:  First quarter ; 
avg. brightness Z (R):  217.7 +/-173.5 avg. error:   5.0
avg. brightness N (R):  353.9 +/-230.3 avg. error:   6.3  avg. brightness S (R):  223.0 +/-219.8 avg. error:   4.9
avg. brightness E (R):  226.2 +/-206.7 avg. error:   5.0  avg. brightness W (R):  359.6 +/-259.1 avg. error:   6.4
avg. background Z (R):   82.0 +/- 76.5 avg. error:   8.0
avg. background N (R):  109.9 +/- 55.3 avg. error:  11.6  avg. background S (R):   85.4 +/- 68.1 avg. error:   8.5
avg. background E (R):   88.0 +/- 95.7 avg. error:   8.9  avg. background W (R):  127.9 +/-102.5 avg. error:  12.9
     avg. temp. Z (K):  928.4 +/- 56.0 avg. error:  12.9
     avg. temp. N (K):  925.5 +/- 47.4 avg. error:   9.6  avg. temp. S (K):  929.6 +/- 49.1 avg. error:  13.6
     avg. temp. E (K):  926.9 +/- 49.1 avg. error:  13.0  avg. temp. W (K):  939.4 +/- 52.8 avg. error:  10.1
data quality: code=0 trustworthy;  code=1 be suspicious;  code=2 be dubious
Location latitude: -22.66, longitude: -45.01
SS-Analyze V05.02
 
 
 
 
image tmid Etime   AZ    ZN   signal Esignal   bkgnd  Ebkgnd   temp    Etemp  moon code
  #   hrs  hrs    deg   deg      R      R         R      R      K        K      %
   2 21.95 0.017  90.0  45.0  945.42  12.074   668.1   36.53 1082.132   6.371 40.2  2
   3 21.99 0.017 180.0  45.0 1065.63  11.967   465.3   30.80 1057.551   5.284 40.2  2
   4 22.03 0.017 270.0  45.0 1115.82  12.885   694.6   37.61 1095.840   5.787 40.2  2
   5 22.07 0.017   0.0   0.0  758.14   9.483   181.8   19.38 1061.899   5.683 40.3  1
   6 22.12 0.017   0.0  45.0  915.47  10.478   233.9   21.94 1058.345   5.202 40.3  1
   7 22.16 0.017  90.0  45.0  772.13   9.373   147.4   17.35 1038.102   5.311 40.3  1
   8 22.20 0.017 180.0  45.0  832.58   9.730   158.1   17.98 1040.564   5.124 40.3  1
   9 22.24 0.017 270.0  45.0  975.69  10.706   220.9   21.38 1066.075   4.989 40.3  1
  10 22.34 0.017   0.0   0.0  652.38   8.564   114.9   15.44 1042.321   5.741 40.3  1
  11 22.39 0.017   0.0  45.0  836.51   9.743   156.9   18.03 1038.625   5.093 40.3  1
  12 22.43 0.017  90.0  45.0  695.43   8.805   117.9   15.52 1021.233   5.407 40.4  1
  13 22.47 0.017 180.0  45.0  683.23   8.769   123.2   15.86 1020.843   5.498 40.4  1
  14 22.51 0.017 270.0  45.0  883.08  10.059   175.9   19.08 1039.483   5.003 40.4  1
  15 22.55 0.017   0.0   0.0  591.73   8.182   110.6   15.01 1015.971   5.906 40.4  1
  16 22.59 0.017   0.0  45.0  788.56   9.458   149.4   17.46 1021.374   5.155 40.4  1
  17 22.63 0.017  90.0  45.0  610.29   8.280   111.4   15.04  989.436   5.627 40.4  1
  18 22.67 0.017 180.0  45.0  635.37   8.441   113.8   15.22  999.336   5.562 40.4  1
  19 22.72 0.017 270.0  45.0  825.63   9.767   174.4   18.96 1027.212   5.149 40.4  1
  20 22.82 0.017   0.0   0.0  514.42   7.735   115.3   15.27 1000.478   6.386 40.5  1
  21 22.86 0.017   0.0  45.0  549.62   8.548   243.7    3.03  996.869   6.858 40.5  1
  22 22.90 0.017  90.0  45.0  475.97   7.621   139.9   16.77  990.977   6.846 40.5  1
  23 22.94 0.017 180.0  45.0  512.06   7.683   110.3   14.93  984.099   6.247 40.5  1
  24 22.98 0.017 270.0  45.0  611.35   8.892   235.9   21.72  998.696   6.384 40.5  1
  25 23.02 0.017   0.0   0.0  509.32   7.640   105.3   14.60  992.122   6.285 40.5  1
  26 23.06 0.017   0.0  45.0  787.39   9.448   152.6   17.60  988.098   4.987 40.5  1
  27 23.11 0.017  90.0  45.0  512.21   7.630   101.2   14.22  984.002   6.170 40.5  1
  28 23.15 0.017 180.0  45.0  455.30   7.250    99.3   14.16  980.898   6.612 40.6  1
  29 23.19 0.017 270.0  45.0  752.89   9.352   168.2   18.44  997.095   5.256 40.6  1
  30 23.29 0.017   0.0   0.0  465.60   7.305    97.6   14.03  975.280   6.460 40.6  1
  32 23.37 0.017  90.0  45.0  436.05   7.198   113.6   15.00  966.211   6.820 40.6  1
  33 23.41 0.017 180.0  45.0  388.30   6.860   112.1   15.00  968.310   7.362 40.6  1
  34 23.45 0.017 270.0  45.0  728.19   9.131   150.3   17.44  984.426   5.210 40.6  1
  35 23.50 0.017   0.0   0.0  422.56   7.050   104.0   14.45  963.560   6.848 40.7  1
  36 23.54 0.017   0.0  45.0  549.11   8.422   216.3   20.75  960.921   6.470 40.7  1
  37 23.58 0.017  90.0  45.0  382.19   6.754   103.5   14.29  944.706   7.146 40.7  1
  38 23.62 0.017 180.0  45.0  350.13   6.398    83.6   12.86  957.518   7.436 40.7  1
  39 23.66 0.017 270.0  45.0  652.39   8.689   145.3   17.11  968.527   5.463 40.7  1
  40 23.77 0.017   0.0   0.0  357.28   6.438    81.8   12.73  953.606   7.283 40.7  1
  42 23.85 0.017  90.0  45.0  330.97   6.206    77.8   12.40  942.516   7.498 40.8  1
  43 23.89 0.017 180.0  45.0  309.84   6.300   118.0   15.23  957.961   8.530 40.8  1
  44 23.93 0.017 270.0  45.0  378.98   7.342   220.2   20.86  963.363   8.416 40.8  1
  45 23.97 0.017   0.0   0.0  332.55   6.313    89.0   13.31  990.763   8.067 40.8  1
  46 24.01 0.017   0.0  45.0  672.45   8.718   130.1   16.10  964.793   5.253 40.8  1
  47 24.06 0.017  90.0  45.0  293.63   5.948    82.2   12.75  968.480   8.426 40.8  0
  48 24.10 0.017 180.0  45.0  260.61   5.721    90.2   13.32  963.072   9.202 40.8  1
  49 24.14 0.017 270.0  45.0  505.50   7.942   168.2   18.35  974.051   6.650 40.8  1
  50 24.24 0.017   0.0   0.0  311.27   6.193    97.7   13.88  968.955   8.342 40.9  1
  51 24.28 0.017   0.0  45.0  471.02   7.727   170.5   18.31  959.452   6.870 40.9  1
  52 24.33 0.017  90.0  45.0  249.90   5.481    69.6   11.64  959.639   9.032 40.9  0
  53 24.37 0.017 180.0  45.0  216.48   5.139    65.4    1.58  978.928  10.009 40.9  0
  54 24.41 0.017 270.0  45.0  503.42   7.686   122.4   15.68  962.625   6.256 40.9  1
  55 24.45 0.017   0.0   0.0  255.44   5.573    75.9   12.22  950.036   8.926 40.9  0
  56 24.49 0.017   0.0  45.0  346.59   6.944   187.3   19.11  949.166   8.524 40.9  1
  57 24.53 0.017  90.0  45.0  233.37   5.500    93.7   13.46  958.207   9.924 40.9  1
  58 24.57 0.017 180.0  45.0  181.22   5.022    98.3   13.84  947.022  11.765 41.0  1
  59 24.62 0.017 270.0  45.0  295.07   6.454   168.0   18.09  953.428   9.384 41.0  1
  60 24.72 0.017   0.0   0.0  218.53   5.406   101.2   14.06  946.870  10.386 41.0  1
  61 24.76 0.017   0.0  45.0  458.79   7.325   111.2   14.72  939.413   6.373 41.0  1
  62 24.80 0.017  90.0  45.0  181.43   4.968    90.2   13.17  943.366  11.507 41.0  1
  63 24.84 0.017 180.0  45.0  156.76   4.670    85.3   12.80  940.265  12.554 41.0  0
  64 24.89 0.017 270.0  45.0  387.30   6.802   104.8   14.38  952.025   7.159 41.0  1
  65 24.93 0.017   0.0   0.0  199.42   4.971    65.9   11.29  937.422  10.123 41.1  0
  66 24.97 0.017   0.0  45.0  289.02   6.232   139.3   16.35  919.385   8.798 41.1  1
  67 25.01 0.017  90.0  45.0  175.67   4.676    60.7   10.74  906.852  10.466 41.1  0
  68 25.05 0.017 180.0  45.0  173.92   4.668    61.8   10.99  912.785  10.646 41.1  0
  69 25.09 0.017 270.0  45.0  387.67   6.723    93.5   13.58  924.128   6.802 41.1  1
  70 25.19 0.017   0.0   0.0  183.60   4.728    56.4   10.43  915.636  10.153 41.1  0
  71 25.23 0.017   0.0  45.0  269.86   5.675    74.8   12.03  914.261   8.225 41.1  1
  72 25.28 0.017  90.0  45.0  174.76   4.623    56.8    1.45  897.746  10.227 41.2  0
  73 25.32 0.017 180.0  45.0  175.73   4.661    59.1   10.67  899.977  10.327 41.2  0
  74 25.36 0.017 270.0  45.0  376.38   6.642    94.3   13.62  914.602   6.862 41.2  1
  75 25.40 0.017   0.0   0.0  174.15   4.638    59.2    1.47  901.567  10.370 41.2  0
  76 25.44 0.017   0.0  45.0  333.15   6.257    85.5   12.78  903.803   7.222 41.2  1
  77 25.48 0.017  90.0  45.0  163.34   4.499    56.4   10.33  879.575  10.485 41.2  0
  78 25.52 0.017 180.0  45.0  169.00   4.622    63.9   11.07  886.927  10.567 41.2  0
  79 25.57 0.017 270.0  45.0  328.41   6.255    91.2   13.27  900.360   7.330 41.2  1
  80 25.67 0.017   0.0   0.0  155.96   4.444    59.4   10.68  886.687  11.011 41.3  0
  81 25.71 0.017   0.0  45.0  225.67   5.499   108.8   14.34  902.150   9.744 41.3  1
  82 25.75 0.017  90.0  45.0  139.78   4.266    60.3   10.67  888.134  11.912 41.3  0
  83 25.79 0.017 180.0  45.0  121.33   4.244    87.0   12.86  882.445  14.046 41.3  0
  84 25.83 0.017 270.0  45.0   87.10   4.471   187.5   18.67  916.538  23.169 41.3  1
  85 25.87 0.017   0.0   0.0  128.82   4.383    91.5   13.11  915.560  14.200 41.3  1
  86 25.91 0.017   0.0  45.0   83.45   4.662   228.3   20.59  924.172  25.822 41.3  1
  87 25.95 0.017  90.0  45.0   84.00   3.773    90.1    1.79  908.515  19.095 41.3  0
  88 26.00 0.017 180.0  45.0   67.18   3.692   110.7   14.37  921.155  24.502 41.4  1
  89 26.04 0.017 270.0  45.0   72.93   4.173   165.9   17.71  951.769  26.976 41.4  1
  90 26.14 0.017   0.0   0.0   79.76   3.911   115.5   14.68  916.683  21.554 41.4  1
  91 26.18 0.017   0.0  45.0   84.63   4.567   207.0   19.63  936.178  25.114 41.4  1
  92 26.22 0.017  90.0  45.0   61.85   3.493    95.0   13.31  926.288  25.200 41.4  1
  93 26.27 0.017 180.0  45.0   90.71   3.750    74.5   11.81  891.285  16.943 41.4  0
  94 26.31 0.017 270.0  45.0  121.74   4.796   168.7   17.76  925.727  17.444 41.4  1
  95 26.35 0.017   0.0   0.0   93.64   4.111   116.9   14.77  911.339  18.978 41.4  1
  96 26.39 0.017   0.0  45.0  205.93   5.185    90.1   12.95  886.075   9.813 41.5  1
  97 26.43 0.017  90.0  45.0  113.27   3.986    65.6   11.12  898.790  14.196 41.5  0
  98 26.47 0.017 180.0  45.0   95.01   3.642    54.9    1.41  900.545  15.452 41.5  0
  99 26.51 0.017 270.0  45.0  214.95   5.377   106.0   14.14  892.011   9.898 41.5  1
 100 26.61 0.017   0.0   0.0  108.17   3.824    56.1    1.42  876.094  13.733 41.5  0
 101 26.66 0.017   0.0  45.0  175.10   4.977   105.3   13.97  889.451  11.369 41.5  1
 102 26.70 0.017  90.0  45.0   80.47   3.352    46.9    1.30  891.534  16.622 41.5  0
 103 26.74 0.017 180.0  45.0   78.78   3.377    51.9    1.36  904.308  17.516 41.6  0
 104 26.78 0.017 270.0  45.0  161.89   4.937   119.2   14.97  911.382  12.699 41.6  1
 105 26.82 0.017   0.0   0.0   97.57   3.654    51.5    1.37  916.317  15.280 41.6  0
 106 26.86 0.017   0.0  45.0  183.33   4.958    89.9    1.81  909.157  10.888 41.6  0
 107 26.91 0.017  90.0  45.0   64.73   3.082    43.9    1.26  926.192  19.997 41.6  0
 108 26.95 0.017 180.0  45.0   65.87   3.187    53.5    1.38  905.454  20.091 41.6  0
 109 26.99 0.017 270.0  45.0  150.08   4.499    73.5    1.64  940.970  12.515 41.6  0
 110 27.09 0.017   0.0   0.0   67.98   3.119    42.7    1.24  910.894  18.827 41.7  0
 111 27.13 0.017   0.0  45.0  153.40   4.573    78.1   12.07  922.316  12.250 41.7  0
 112 27.17 0.017  90.0  45.0   50.59   2.821    42.8    1.24  934.478  24.008 41.7  0
 113 27.21 0.017 180.0  45.0   47.49   2.780    44.3    1.27  942.551  25.624 41.7  0
 114 27.25 0.017 270.0  45.0  152.51   4.502    69.9   11.50  920.692  12.019 41.7  0
 115 27.29 0.017   0.0   0.0   52.46   2.848    43.7    1.24  879.641  21.896 41.7  0
 116 27.34 0.017   0.0  45.0  141.65   4.282    59.2    1.47  920.638  12.200 41.7  0
 117 27.38 0.017  90.0  45.0   45.08   2.730    44.4    1.26  930.067  26.228 41.7  0
 118 27.42 0.017 180.0  45.0   40.62   2.657    44.8    1.28  968.718  29.837 41.7  0
 119 27.46 0.017 270.0  45.0  122.83   4.107    65.1    1.54  928.490  13.839 41.8  0
 120 27.56 0.017   0.0   0.0   46.99   2.710    38.5    1.18  950.103  25.220 41.8  0
 121 27.60 0.017   0.0  45.0  118.25   3.952    53.2    1.40  942.141  13.889 41.8  0
 122 27.64 0.017  90.0  45.0   42.63   2.708    46.4    9.27  918.449  27.423 41.8  0
 123 27.68 0.017 180.0  45.0   39.88   2.711    51.5    1.36  958.452  30.993 41.8  0
 124 27.73 0.017 270.0  45.0  114.20   3.995    63.7    1.53  952.085  14.919 41.8  0
 125 27.77 0.017   0.0   0.0   50.82   2.839    44.2    1.26  930.208  23.989 41.8  0
 126 27.81 0.017   0.0  45.0  145.43   4.345    60.5    1.49  942.153  12.351 41.9  0
 127 27.85 0.017  90.0  45.0   49.70   2.830    44.9    1.27  946.881  24.990 41.9  0
 128 27.89 0.017 180.0  45.0   47.56   2.836    48.0    1.33  988.503  27.609 41.9  0
 129 27.93 0.017 270.0  45.0  144.59   4.508    81.9   12.36  936.296  13.114 41.9  0
 130 28.03 0.017   0.0   0.0   64.21   3.048    42.0    1.23  909.821  19.511 41.9  0
 131 28.07 0.017   0.0  45.0  213.81   5.105    65.3   11.01  933.425   9.603 41.9  0
 132 28.12 0.017  90.0  45.0   65.96   3.321    67.6    1.55  920.106  21.624 41.9  0
 133 28.16 0.017 180.0  45.0   62.73   3.114    50.0    1.34  942.862  21.491 42.0  0
 134 28.20 0.017 270.0  45.0  181.54   4.801    69.3    1.60  926.385  10.679 42.0  0
 135 28.24 0.017   0.0   0.0   86.25   3.427    44.0    1.27  938.496  16.591 42.0  0
 136 28.28 0.017   0.0  45.0  255.75   5.533    70.5   11.46  939.650   8.706 42.0  1
 137 28.32 0.017  90.0  45.0   88.65   3.485    46.7    1.30  927.766  16.250 42.0  0
 138 28.36 0.017 180.0  45.0   83.46   3.453    51.2    1.37  936.018  17.449 42.0  0
 139 28.41 0.017 270.0  45.0  213.18   5.133    69.4   11.43  940.325   9.801 42.0  0
 140 28.51 0.017   0.0   0.0  123.73   3.987    49.3    1.35  940.573  13.261 42.0  0
 141 28.55 0.017   0.0  45.0  367.49   6.505    81.8   12.37  932.045   6.972 42.1  1
 142 28.59 0.017  90.0  45.0  123.53   3.973    48.1    1.33  938.507  13.182 42.1  0
 143 28.63 0.017 180.0  45.0  112.67   3.872    53.1    1.39  919.977  13.969 42.1  0
 144 28.67 0.017 270.0  45.0  256.00   5.554    74.8    1.67  940.206   8.746 42.1  0
 145 28.71 0.017   0.0   0.0  153.02   4.397    56.9    1.45  933.097  11.673 42.1  0
 146 28.75 0.017   0.0  45.0  465.74   7.254    92.4   13.16  930.527   6.083 42.1  1
 147 28.80 0.017  90.0  45.0  147.79   4.309    53.4    1.41  935.579  11.855 42.1  0
 148 28.84 0.017 180.0  45.0  132.19   4.181    59.0   10.44  932.654  13.034 42.1  0
 149 28.88 0.017 270.0  45.0  296.83   5.939    78.8   12.11  939.531   8.032 42.2  1
 150 28.98 0.017   0.0   0.0  179.83   4.681    56.3    1.44  926.989  10.383 42.2  0
 151 29.02 0.017   0.0  45.0  515.16   7.587    95.1   13.35  929.387   5.721 42.2  1
 152 29.07 0.017  90.0  45.0  185.89   4.748    55.5   10.08  928.150  10.197 42.2  0
 153 29.11 0.017 180.0  45.0  158.90   4.485    59.0   10.45  918.746  11.307 42.2  0
 154 29.15 0.017 270.0  45.0  360.66   6.459    82.2   12.39  939.209   7.121 42.2  1
 155 29.19 0.017   0.0   0.0  203.31   4.944    58.7   10.43  912.650   9.516 42.2  0
 156 29.23 0.017   0.0  45.0  569.26   7.957   102.4   13.76  920.399   5.366 42.2  1
 157 29.27 0.017  90.0  45.0  204.76   4.964    60.3    1.49  923.949   9.600 42.3  0
 158 29.31 0.017 180.0  45.0  179.99   4.742    64.1    1.53  917.408  10.479 42.3  0
 159 29.36 0.017 270.0  45.0  403.96   6.797    86.9   12.74  922.603   6.542 42.3  1
 160 29.46 0.017   0.0   0.0  229.18   5.193    59.0   10.39  907.247   8.750 42.3  0
 161 29.50 0.017   0.0  45.0  517.42   7.606    98.1   13.44  899.183   5.523 42.3  1
 162 29.54 0.017  90.0  45.0  216.67   5.101    62.4   10.68  909.881   9.183 42.3  0
 163 29.58 0.017 180.0  45.0  206.61   5.047    69.9    1.60  902.178   9.515 42.3  0
 164 29.62 0.017 270.0  45.0  426.68   6.974    90.4   12.90  916.070   6.303 42.4  1
 165 29.66 0.017   0.0   0.0  234.19   5.246    60.0   10.48  906.606   8.641 42.4  1
 166 29.70 0.017   0.0  45.0  535.15   7.729    98.9   13.51  918.846   5.543 42.4  1
 167 29.75 0.017  90.0  45.0  215.26   5.079    61.2   10.58  909.474   9.190 42.4  0
 168 29.79 0.017 180.0  45.0  216.48   5.109    64.2   10.82  899.681   9.114 42.4  0
 169 29.83 0.017 270.0  45.0  427.38   6.985    91.8   12.99  913.069   6.285 42.4  1
 170 29.93 0.017   0.0   0.0  217.82   5.088    59.9   10.45  896.996   8.948 42.4  0
 171 29.97 0.017   0.0  45.0  523.73   7.643    96.7   13.36  913.260   5.565 42.5  1
 172 30.01 0.017  90.0  45.0  194.07   4.863    60.7   10.52  901.994   9.735 42.5  0
 173 30.05 0.017 180.0  45.0  207.44   5.007    62.7   10.69  892.265   9.249 42.5  0
 174 30.09 0.017 270.0  45.0  402.43   6.777    86.5   12.61  907.747   6.437 42.5  1
 175 30.14 0.017   0.0   0.0  201.28   4.902    58.3    1.46  883.974   9.192 42.5  0
 176 30.18 0.017   0.0  45.0  419.86   6.883    84.6   12.47  897.833   6.171 42.5  1
 177 30.22 0.017  90.0  45.0  185.49   4.758    58.6   10.33  899.038   9.936 42.5  0
 178 30.26 0.017 180.0  45.0  196.64   4.901    63.4   10.73  878.687   9.437 42.5  0
 179 30.30 0.017 270.0  45.0  389.74   6.682    87.0   12.62  890.950   6.439 42.5  1
 180 30.40 0.017   0.0   0.0  198.10   4.872    58.1    1.46  894.281   9.404 42.6  0
 181 30.44 0.017   0.0  45.0  325.55   6.118    74.3   11.66  890.661   7.066 42.6  1
 182 30.48 0.017  90.0  45.0  182.24   4.739    61.2   10.47  882.803   9.920 42.6  0
 183 30.53 0.017 180.0  45.0  194.44   4.908    69.2    1.58  864.632   9.431 42.6  0
 184 30.57 0.017 270.0  45.0  359.58   6.455    86.1   12.55  888.339   6.750 42.6  1
 185 30.61 0.017   0.0   0.0  187.93   4.795    62.0    1.50  882.171   9.690 42.6  0
 186 30.65 0.017   0.0  45.0  280.43   5.700    68.7    1.59  887.010   7.622 42.6  1
 187 30.69 0.017  90.0  45.0  174.48   4.678    63.4   10.65  891.669  10.389 42.7  0
 188 30.73 0.017 180.0  45.0  191.71   4.833    61.9    1.50  886.741   9.614 42.7  0
 189 30.77 0.017 270.0  45.0  300.32   5.917    74.8   11.61  883.670   7.385 42.7  1
 190 30.87 0.017   0.0   0.0  157.64   4.387    51.7    1.37  875.726  10.482 42.7  0
 191 30.92 0.017   0.0  45.0  215.48   5.057    59.1   10.30  888.240   8.895 42.7  0
 192 30.96 0.017  90.0  45.0  144.44   4.307    60.6    1.47  872.829  11.374 42.7  0
 193 31.00 0.017 180.0  45.0  156.85   4.417    56.8    1.43  868.961  10.588 42.7  0
 194 31.04 0.017 270.0  45.0  228.69   5.220    65.6    1.55  887.103   8.643 42.8  0
 195 31.08 0.017   0.0   0.0  125.88   3.971    47.4    1.30  862.384  11.795 42.8  0
 196 31.12 0.017   0.0  45.0  169.55   4.598    61.9    1.49  875.191  10.279 42.8  0
 197 31.16 0.017  90.0  45.0  116.25   3.928    56.5    1.42  862.453  12.853 42.8  0
 198 31.21 0.017 180.0  45.0  125.58   4.023    53.6    1.38  869.037  12.176 42.8  0
 199 31.25 0.017 270.0  45.0  176.97   4.653    59.1    1.46  867.152   9.812 42.8  0
 200 31.35 0.017   0.0   0.0   93.53   3.514    44.3    1.26  866.827  14.342 42.8  0
 201 31.39 0.017   0.0  45.0  122.02   3.970    52.9    1.37  859.474  12.234 42.8  0
 202 31.43 0.017  90.0  45.0   86.30   3.471    52.1    1.35  844.389  15.185 42.9  0
 203 31.47 0.017 180.0  45.0   91.42   3.566    54.3    1.38  848.382  14.785 42.9  0
 204 31.51 0.017 270.0  45.0  115.36   3.860    50.6    1.34  848.089  12.417 42.9  0
 205 31.55 0.017   0.0   0.0   73.88   3.199    43.0    1.23  848.629  16.391 42.9  0
 206 31.60 0.017   0.0  45.0   94.15   3.544    47.6    1.29  840.623  13.972 42.9  0
 207 31.64 0.017  90.0  45.0   68.86   3.188    50.8    1.33  839.947  17.625 42.9  0
 208 31.68 0.017 180.0  45.0   75.39   3.306    50.4    9.37  869.221  17.239 42.9  0
 209 31.72 0.017 270.0  45.0   89.11   3.496    49.6    1.32  858.436  14.987 42.9  0
 210 31.82 0.017   0.0   0.0   50.78   2.779    42.0    1.20  823.685  20.573 43.0  0
 211 31.86 0.017   0.0  45.0   67.28   3.112    45.4    1.26  842.863  17.564 43.0  0
 212 31.91 0.017  90.0  45.0   63.94   3.215    62.4    1.47  853.280  19.858 43.0  0
 213 31.95 0.017 180.0  45.0   64.87   3.179    56.2    1.40  861.704  19.390 43.0  0
 214 31.99 0.017 270.0  45.0   68.64   3.284    60.8    1.46  868.362  19.116 43.0  0
 215 32.03 0.017   0.0   0.0   46.82   2.891    60.4    1.44  847.074  24.681 43.0  0
 216 32.07 0.017   0.0  45.0   67.46   3.426    79.5   11.73  858.453  20.512 43.0  0
 217 32.11 0.017  90.0  45.0  122.50   5.056   218.4   19.47  898.353  18.010 43.0  1
 218 32.16 0.017 180.0  45.0   96.01   4.824   228.0   19.89  932.173  23.236 43.1  1
 219 32.20 0.017 270.0  45.0   76.39   4.679   235.8   20.25  999.779  30.988 43.1  2
 220 32.30 0.017   0.0   0.0  122.80   6.716   538.7   30.69 1084.069  30.711 43.1  2
Raw data available upon request
