Culebra Red Line Fabry-Perot Wind data
Plate gap:  1.0525 FSR:   68.8987 bin units sensitivity: 60.00000 [bin units*(adu/pixel)]*1/R
cu220825   flats: cu220825  quadratic background, Poisson weighting, ( sky  )   moon phase:  NEW      ; Moon 
FSR_sky:  68.89870 bin units,  0.18857 angstroms, 8.973 km/s
Wind data corrected for instrument drift
meridional wind vectors calculated:  82
zonal wind vectoors calculated:  82
avg. LOS N (m/s):  -54.7 +/-  37.2 avg. error:    0.6  avg. LOS S (m/s):  -27.8 +/-  49.6 avg. error:    0.6
avg. LOS E (m/s):   56.1 +/-  51.2 avg. error:    0.7  avg. LOS W (m/s):   54.7 +/-  52.3 avg. error:    0.7
avg. meridional (m/s):  -41.5 +/-  38.9 avg. error:     1.1
     avg. zonal (m/s):   55.1 +/-  47.6 avg. error:     1.4
  avg. vertical (m/s):   -0.1 +/-  20.9 avg. error:     0.2
data quality: code=0 trustworthy;  code=1 be suspicious;  code=2 be dubious
Location latitude: 18.33, longitude: -65.31
SS-Analyze V05.02
 
 
 
 
  41 North (positive poleward) Hmax: 250.0 emission layer: 210.0
 rec  UT1   UT2  UTmid    LOS N   iLOS S  meridional  Grad S->N            code
     hours hours hours     m/s      m/s         m/s  (m/s)/500km
   1 23.34 23.37 23.36    25.17    22.58       23.87     3.09                1
 +/-                     0.0790   0.0707      0.1497   0.0194
   6 23.55 23.58 23.57     2.35    21.69       12.02   -23.03                0
 +/-                     0.0071   0.0689      0.0746   0.1429
  11 23.84 23.87 23.86     3.43    13.88        8.65   -12.43                0
 +/-                     0.0116   0.0456      0.0577   0.0830
  16 24.05 24.08 24.06   -25.87    17.02       -4.42   -51.06 converging     0
 +/-                     0.0957   0.0615      0.0323   0.3733
  21 24.34 24.37 24.36   -32.89    -8.96      -20.92   -28.49                0
 +/-                     0.1395   0.0838      0.2845   0.3874
  26 24.55 24.58 24.56   -43.52    -8.41      -25.96   -41.80                0
 +/-                     0.2075   0.0352      0.2325   0.3743
  31 24.84 24.87 24.85   -47.03   -23.11      -35.07   -28.47                0
 +/-                     0.2699   0.1398      0.4134   0.3355
  36 25.04 25.08 25.06   -31.13   -33.66      -32.40     3.01                0
 +/-                     0.2035   0.2391      0.4419   0.0410
  41 25.34 25.37 25.35   -61.61   -57.14      -59.38    -5.32                0
 +/-                     0.4679   0.4968      0.9672   0.0866
  46 25.54 25.58 25.56   -57.21   -58.16      -57.69     1.14                0
 +/-                     0.4746   0.5603      1.0343   0.0203
  51 25.84 25.87 25.85   -63.61   -61.11      -62.36    -2.98                0
 +/-                     0.6044   0.6974      1.3042   0.0623
  56 26.04 26.08 26.06   -61.15   -59.38      -60.27    -2.11                0
 +/-                     0.6081   0.7224      1.3325   0.0467
  61 26.33 26.37 26.35   -59.98   -74.19      -67.09    16.92                0
 +/-                     0.6834   0.9534      1.6265   0.4102
  66 26.54 26.58 26.56  -112.80   -48.62      -80.71   -76.40                1
 +/-                     1.2795   0.6660      2.0212   1.9134
  71 26.83 26.87 26.85   -93.70   -45.67      -69.68   -57.18                0
 +/-                     1.0404   0.5972      1.6850   1.3827
  76 27.04 27.08 27.06   -84.92   -71.87      -78.39   -15.53                0
 +/-                     0.9448   0.9269      1.8832   0.3731
  81 27.33 27.37 27.35   -64.84   -85.80      -75.32    24.96                0
 +/-                     0.7345   1.1926      1.9002   0.6297
  86 27.54 27.57 27.56   -94.55   -82.91      -88.73   -13.86                0
 +/-                     1.1477   1.2077      2.3695   0.3702
  91 27.83 27.86 27.85   -76.88   -85.63      -81.25    10.41                0
 +/-                     0.9718   1.2696      2.2319   0.2860
  96 28.04 28.07 28.06  -133.23   -89.40     -111.31   -52.18                0
 +/-                     1.7482   1.3948      3.1973   1.4987
 101 28.33 28.36 28.35   -69.28  -113.09      -91.18    52.15                1
 +/-                     1.1133   1.9226      3.0155   1.7247
 106 28.54 28.57 28.56   -87.90  -116.40     -102.15    33.93                1
 +/-                     1.4595   2.0656      3.5089   1.1657
 111 28.83 28.86 28.85  -134.23  -107.89     -121.06   -31.36                0
 +/-                     2.3006   1.9096      4.2175   1.0925
 116 29.04 29.07 29.06   -71.90   -93.31      -82.60    25.49                0
 +/-                     1.2212   1.5640      2.7876   0.8603
 121 29.33 29.36 29.35   -94.89   -57.40      -76.15   -44.63                0
 +/-                     1.5819   0.8728      2.4272   1.4227
 126 29.54 29.57 29.55  -120.12   -49.73      -84.93   -83.79                0
 +/-                     1.8136   0.6749      2.4347   2.4022
 131 29.83 29.86 29.85   -46.93   -57.32      -52.13    12.37                0
 +/-                     0.5871   0.6377      1.2320   0.2923
 136 30.04 30.07 30.05   -75.98   -12.57      -44.28   -75.48                0
 +/-                     0.7974   0.3512      1.7013   2.9002
 141 30.33 30.36 30.34   -71.65    24.33      -23.66  -114.26 converging     0
 +/-                     0.6317   0.1938      0.3970   1.9174
 146 30.54 30.57 30.55   -57.11    29.22      -13.95  -102.78 converging     0
 +/-                     0.4542   0.2082      0.2103   1.5499
 151 30.83 30.86 30.84   -48.77    22.13      -13.32   -84.41 converging     0
 +/-                     0.3546   0.1378      0.1798   1.1392
 156 31.04 31.07 31.05   -22.60     6.64       -7.98   -34.82 converging     0
 +/-                     0.1450   0.0472      0.1080   0.4710
 161 31.33 31.36 31.34   -32.83    24.20       -4.32   -67.89 converging     0
 +/-                     0.1780   0.1119      0.0434   0.6820
 166 31.53 31.57 31.55   -30.90    30.86       -0.02   -73.53 converging     0
 +/-                     0.1497   0.1334      0.0002   0.6740
 171 31.83 31.86 31.84   -50.05    32.56       -8.75   -98.34 converging     0
 +/-                     0.2304   0.1322      0.0758   0.8520
 176 32.03 32.07 32.05   -36.63    28.28       -4.17   -77.27 converging     0
 +/-                     0.1658   0.1147      0.0358   0.6632
 181 32.33 32.36 32.34   -20.96    18.59       -1.18   -47.09 converging     0
 +/-                     0.0952   0.0780      0.0103   0.4114
 186 32.53 32.57 32.55   -15.92    12.79       -1.57   -34.19 converging     0
 +/-                     0.0693   0.0557      0.0136   0.2977
 191 32.82 32.86 32.84   -18.16     8.23       -4.97   -31.42 converging     0
 +/-                     0.0818   0.0389      0.0459   0.2901
 196 33.03 33.07 33.05    12.57    -8.31        2.13    24.87 diverging      0
 +/-                     0.0595   0.0736      0.0289   0.3380
 201 33.32 33.36 33.34   -33.38    34.16        0.39   -80.40 converging     1
 +/-                     0.1755   0.2821      0.0053   1.0868
  41 South (positive poleward) Hmax: 250.0 emission layer: 210.0
 rec  UT1   UT2  UTmid    LOS S   iLOS N  meridional  Grad S->N            code
     hours hours hours     m/s      m/s         m/s  (m/s)/500km
   3 23.42 23.46 23.44    22.58    16.06       19.32    -7.75                1
 +/-                     0.0707   0.0503      0.1210   0.0486
   8 23.63 23.67 23.65    21.11     2.66       11.88   -21.96                0
 +/-                     0.0677   0.0084      0.0757   0.1399
  13 23.92 23.96 23.94    10.99    -8.28        1.35   -22.94 converging     0
 +/-                     0.0368   0.0452      0.0119   0.2022
  18 24.13 24.16 24.15    21.05   -27.88       -3.41   -58.25 converging     0
 +/-                     0.0779   0.1083      0.0259   0.4418
  23 24.42 24.46 24.44   -20.93   -37.18      -29.06   -19.34                0
 +/-                     0.0861   0.1670      0.2500   0.1664
  28 24.63 24.66 24.65     0.11   -44.52      -22.20   -53.14 converging     0
 +/-                     0.0005   0.2254      0.2188   0.5235
  33 24.92 24.95 24.94   -32.43   -40.67      -36.55    -9.81                0
 +/-                     0.1956   0.2433      0.4392   0.1178
  38 25.13 25.16 25.14   -34.48   -39.86      -37.17    -6.40                0
 +/-                     0.2681   0.2792      0.5494   0.0946
  43 25.42 25.45 25.44   -66.20   -59.86      -63.03     7.56                0
 +/-                     0.5883   0.4706      1.0556   0.1266
  48 25.63 25.66 25.64   -52.80   -59.04      -55.92    -7.43                0
 +/-                     0.5417   0.5117      1.0583   0.1405
  53 25.92 25.95 25.93   -64.43   -62.63      -63.53     2.14                0
 +/-                     0.7596   0.6059      1.3636   0.0459
  58 26.13 26.16 26.14   -56.01   -60.82      -58.41    -5.72                0
 +/-                     0.6976   0.6297      1.3323   0.1305
  63 26.42 26.45 26.43   -81.48   -81.11      -81.30     0.45                0
 +/-                     1.0560   0.9219      1.9776   0.0110
  68 26.63 26.66 26.64   -26.78  -107.35      -67.06   -95.92                1
 +/-                     0.4069   1.2113      1.7757   2.5398
  73 26.92 26.95 26.93   -53.23   -90.18      -71.71   -43.99                0
 +/-                     0.6735   1.0021      1.7040   1.0452
  78 27.12 27.16 27.14   -84.32   -79.17      -81.75     6.13                0
 +/-                     1.0962   0.8847      1.9762   0.1481
  83 27.42 27.45 27.43   -86.40   -76.71      -81.55    11.53                0
 +/-                     1.2311   0.8997      2.1186   0.2994
  88 27.62 27.66 27.64   -80.58   -89.49      -85.03   -10.61                0
 +/-                     1.1920   1.0973      2.3006   0.2871
  93 27.92 27.95 27.93   -87.65   -99.42      -93.54   -14.01                0
 +/-                     1.3008   1.2824      2.5946   0.3885
  98 28.12 28.16 28.14   -90.56  -114.92     -102.74   -29.00                0
 +/-                     1.4574   1.5664      3.0538   0.8619
 103 28.41 28.45 28.43  -122.12   -76.73      -99.42    54.04                1
 +/-                     2.1091   1.2518      3.3392   1.8150
 108 28.62 28.66 28.64  -112.59  -101.16     -106.88    13.61                1
 +/-                     2.0367   1.7003      3.7296   0.4749
 113 28.91 28.95 28.93  -106.01  -109.26     -107.63    -3.88                0
 +/-                     1.8586   1.8683      3.7276   0.1344
 118 29.12 29.16 29.14   -84.86   -78.46      -81.66     7.61                0
 +/-                     1.3678   1.3242      2.6945   0.2511
 123 29.41 29.45 29.43   -46.39  -105.00      -75.69   -69.77                0
 +/-                     0.6742   1.6747      2.3074   2.1268
 128 29.62 29.65 29.64   -51.97   -99.17      -75.57   -56.19                0
 +/-                     0.6753   1.4625      2.0965   1.5590
 133 29.91 29.94 29.93   -59.47   -58.53      -59.00     1.12                0
 +/-                     0.6226   0.6711      1.2941   0.0245
 138 30.12 30.15 30.14    18.69   -74.74      -28.03  -111.22 converging     0
 +/-                     0.1703   0.7500      0.5366   2.1295
 143 30.41 30.44 30.43    26.59   -65.83      -19.62  -110.02 converging     0
 +/-                     0.2032   0.5606      0.3170   1.7777
 148 30.62 30.65 30.64    30.97   -54.73      -11.88  -102.02 converging     0
 +/-                     0.2116   0.4257      0.1736   1.4908
 153 30.91 30.94 30.93    18.59   -38.33       -9.87   -67.76 converging     0
 +/-                     0.1082   0.2710      0.1272   0.8735
 158 31.12 31.15 31.14    -1.30   -25.52      -13.41   -28.84                0
 +/-                     0.0067   0.1545      0.1508   0.3242
 163 31.41 31.44 31.43    34.42   -32.06        1.18   -79.14 converging     0
 +/-                     0.1541   0.1667      0.0114   0.7656
 168 31.62 31.65 31.63    28.48   -36.38       -3.95   -77.21 converging     0
 +/-                     0.1196   0.1728      0.0353   0.6910
 173 31.91 31.94 31.93    34.19   -44.68       -5.25   -93.89 converging     0
 +/-                     0.1372   0.2046      0.0451   0.8067
 178 32.12 32.15 32.13    24.35   -32.14       -3.90   -67.25 converging     0
 +/-                     0.0997   0.1456      0.0336   0.5800
 183 32.41 32.44 32.42    16.29   -18.94       -1.33   -41.94 converging     0
 +/-                     0.0693   0.0848      0.0116   0.3662
 188 32.62 32.65 32.63    10.46   -16.57       -3.05   -32.17 converging     0
 +/-                     0.0466   0.0729      0.0270   0.2849
 193 32.91 32.94 32.92     7.34    -5.85        0.74   -15.70 converging     0
 +/-                     0.0359   0.0728      0.0129   0.2722
 198 33.12 33.15 33.13   -18.77    -0.59       -9.68    21.64                0
 +/-                     0.0989   0.0928      1.5655   3.4990
 203 33.41 33.44 33.42    55.42   -33.38       11.02  -105.71 converging     1
 +/-                     0.3557   0.1755      0.1287   1.2344
  41  East (positive eastward) Hmax: 250.0 emission layer: 210.0
 rec  UT1   UT2  UTmid    LOS E   iLOS W      zonal   Grad W->E            code
     hours hours hours     m/s      m/s         m/s  (m/s)/500km
   2 23.38 23.42 23.40    49.71    54.76       52.24    -6.01                0
 +/-                     0.1669   0.1612      0.3292   0.0379
   7 23.59 23.62 23.61    42.18    40.58       41.38     1.90                0
 +/-                     0.1381   0.1254      0.2633   0.0121
  12 23.88 23.91 23.90    71.97    34.38       53.17    44.75                0
 +/-                     0.2567   0.1108      0.3610   0.3038
  17 24.09 24.12 24.11    42.39    53.90       48.15   -13.70                0
 +/-                     0.1640   0.1844      0.3510   0.0999
  22 24.38 24.41 24.40    68.57    52.98       60.77    18.56                0
 +/-                     0.3090   0.2062      0.5105   0.1559
  27 24.59 24.62 24.60    56.61    71.52       64.06   -17.76                0
 +/-                     0.3007   0.3398      0.6447   0.1787
  32 24.88 24.91 24.89    82.48    78.31       80.39     4.97                0
 +/-                     0.5372   0.4584      0.9942   0.0614
  37 25.09 25.12 25.10    67.31    82.63       74.97   -18.24                0
 +/-                     0.5099   0.5635      1.0793   0.2626
  42 25.38 25.41 25.39    97.14    88.60       92.87    10.16                0
 +/-                     0.7935   0.6877      1.4795   0.1619
  47 25.59 25.62 25.60    90.70    93.23       91.96    -3.01                0
 +/-                     0.8791   0.8305      1.7106   0.0561
  52 25.88 25.91 25.89   105.21    83.49       94.35    25.86                0
 +/-                     1.2239   0.8341      2.0402   0.5591
  57 26.08 26.12 26.10   113.36    92.87      103.12    24.40                0
 +/-                     1.4095   0.9989      2.3912   0.5658
  62 26.38 26.41 26.39   121.53   108.10      114.81    15.99                0
 +/-                     1.6044   1.2277      2.8197   0.3926
  67 26.58 26.62 26.60    85.94   124.19      105.06   -45.54                0
 +/-                     1.1716   1.4232      2.6363   1.1427
  72 26.88 26.91 26.89   101.25   127.67      114.46   -31.44                0
 +/-                     1.2860   1.4974      2.7962   0.7682
  77 27.08 27.12 27.10   110.60   109.27      109.94     1.58                0
 +/-                     1.4037   1.3636      2.7672   0.0399
  82 27.37 27.41 27.39   124.08   123.96      124.02     0.14                0
 +/-                     1.7248   1.7270      3.4517   0.0039
  87 27.58 27.62 27.60   124.89   126.52      125.70    -1.94                0
 +/-                     1.7705   1.7845      3.5550   0.0548
  92 27.87 27.91 27.89    85.65   144.55      115.10   -70.12                0
 +/-                     1.1886   2.0294      3.2133   1.9576
  97 28.08 28.11 28.10    77.60   143.51      110.56   -78.46                0
 +/-                     1.1146   2.1279      3.2272   2.2902
 102 28.37 28.41 28.39   153.07    96.28      124.68    67.61                1
 +/-                     2.3952   1.5765      3.9923   2.1650
 107 28.58 28.61 28.60   123.76    69.03       96.40    65.15                1
 +/-                     2.0293   1.1922      3.2454   2.1934
 112 28.87 28.91 28.89    84.90    54.29       69.59    36.43                0
 +/-                     1.4391   0.9552      2.4040   1.2585
 117 29.08 29.11 29.10    58.74    62.29       60.51    -4.23                1
 +/-                     0.9763   1.0991      2.0736   0.1449
 122 29.37 29.40 29.39    23.49    53.76       38.62   -36.04                0
 +/-                     0.3410   0.8805      1.1934   1.1137
 127 29.58 29.61 29.60    69.07    41.40       55.23    32.94                0
 +/-                     0.8838   0.6099      1.5205   0.9066
 132 29.87 29.90 29.89    60.16    -8.21       25.97    81.40 diverging      0
 +/-                     0.6556   0.3554      1.4068   4.4089
 137 30.08 30.11 30.10    -3.37    16.39        6.51   -23.52 converging     0
 +/-                     0.0316   0.3658      0.2063   0.7455
 142 30.37 30.40 30.39    19.22    46.63       32.92   -32.63                0
 +/-                     0.1552   0.3722      0.5287   0.5240
 147 30.58 30.61 30.59    27.72    35.25       31.48    -8.96                0
 +/-                     0.2084   0.2536      0.4633   0.1319
 152 30.87 30.90 30.89    19.23    19.96       19.59    -0.87                0
 +/-                     0.1258   0.1244      0.2503   0.0111
 157 31.08 31.11 31.09    48.56     1.74       25.15    55.74                0
 +/-                     0.2811   0.0662      1.1002   2.4380
 162 31.37 31.40 31.38   -12.72     8.24       -2.24   -24.95 converging     0
 +/-                     0.0639   0.0601      0.0276   0.3075
 167 31.58 31.61 31.59    24.78    -4.47       10.16    34.82 diverging      0
 +/-                     0.1182   0.0715      0.2110   0.7233
 172 31.87 31.90 31.88   -19.82    14.08       -2.87   -40.36 converging     0
 +/-                     0.0898   0.0978      0.0329   0.4630
 177 32.08 32.11 32.09    15.29     1.77        8.53    16.10                0
 +/-                     0.0691   0.0795      0.4213   0.7946
 182 32.37 32.40 32.38    12.92   -15.57       -1.32    33.92 diverging      0
 +/-                     0.0598   0.0641      0.0116   0.2965
 187 32.57 32.61 32.59     1.23   -12.17       -5.47    15.95 diverging      0
 +/-                     0.0056   0.0511      0.0480   0.1399
 192 32.87 32.90 32.88   -20.86   -30.23      -25.55    11.16                0
 +/-                     0.1030   0.1465      0.2500   0.1092
 197 33.07 33.11 33.09   -13.40   -47.77      -30.58    40.92                0
 +/-                     0.0685   0.2543      0.3191   0.4270
 202 33.36 33.40 33.38   -91.78    10.87      -40.46  -122.20 converging     2
 +/-                     0.5001   0.2870      1.2888   3.8929
  41  West (positive eastward) Hmax: 250.0 emission layer: 210.0
 rec  UT1   UT2  UTmid    LOS W   iLOS E      zonal   Grad W->E            code
     hours hours hours     m/s      m/s         m/s  (m/s)/500km
   4 23.47 23.50 23.48    54.76    46.70       50.73    -9.59                0
 +/-                     0.1612   0.1554      0.3182   0.0601
   9 23.67 23.71 23.69    31.16    50.69       40.93    23.26                0
 +/-                     0.1015   0.1720      0.2722   0.1547
  14 23.97 24.00 23.98    35.67    60.12       47.90    29.11                0
 +/-                     0.1145   0.2196      0.3286   0.1997
  19 24.17 24.21 24.19    66.08    49.89       57.98   -19.28                0
 +/-                     0.2312   0.2055      0.4417   0.1469
  24 24.46 24.50 24.48    47.88    63.87       55.88    19.03                0
 +/-                     0.1965   0.3058      0.4969   0.1692
  29 24.67 24.70 24.69    87.28    64.01       75.65   -27.70                0
 +/-                     0.4353   0.3684      0.8127   0.2976
  34 24.96 24.99 24.98    74.71    76.41       75.56     2.02                0
 +/-                     0.4676   0.5263      0.9933   0.0266
  39 25.17 25.20 25.19    87.92    75.85       81.88   -14.36                0
 +/-                     0.6275   0.5911      1.2225   0.2145
  44 25.46 25.49 25.48    88.88    94.57       91.72     6.77                0
 +/-                     0.7118   0.8277      1.5374   0.1136
  49 25.67 25.70 25.69    96.13    94.85       95.49    -1.52                0
 +/-                     0.9096   0.9778      1.8879   0.0301
  54 25.96 25.99 25.98    78.42   108.47       93.45    35.77                0
 +/-                     0.8038   1.2982      2.0761   0.7948
  59 26.17 26.20 26.18   102.50   115.70      109.10    15.71                0
 +/-                     1.1290   1.4653      2.5834   0.3721
  64 26.46 26.49 26.48   110.34   107.29      108.82    -3.63                0
 +/-                     1.2673   1.4313      2.7014   0.0902
  69 26.67 26.70 26.68   133.39    90.31      111.85   -51.28                0
 +/-                     1.5269   1.2042      2.7717   1.2709
  74 26.96 26.99 26.98   125.38   105.00      115.19   -24.26                0
 +/-                     1.4855   1.3332      2.8274   0.5955
  79 27.17 27.20 27.18    98.51   114.46      106.49    18.99                0
 +/-                     1.2822   1.4956      2.7774   0.4952
  84 27.46 27.49 27.47   134.17   124.40      129.29   -11.62                0
 +/-                     1.9054   1.7431      3.6475   0.3279
  89 27.67 27.70 27.68   121.40   113.65      117.52    -9.24                0
 +/-                     1.7038   1.6038      3.3078   0.2600
  94 27.96 27.99 27.97   153.85    82.43      118.14   -85.02                0
 +/-                     2.1602   1.1590      3.3199   2.3891
  99 28.17 28.20 28.18   136.62    99.21      117.91   -44.54                0
 +/-                     2.1064   1.4812      3.5785   1.3517
 104 28.46 28.49 28.47    80.10   141.35      110.72    72.91                1
 +/-                     1.3639   2.2488      3.6470   2.4015
 109 28.66 28.70 28.68    61.70   112.71       87.21    60.72                1
 +/-                     1.0785   1.8614      2.9645   2.0641
 114 28.96 28.99 28.97    51.34    74.45       62.90    27.52                0
 +/-                     0.9060   1.2543      2.1695   0.9492
 119 29.16 29.20 29.18    69.56    48.67       59.12   -24.87                1
 +/-                     1.2275   0.7949      2.0086   0.8451
 124 29.45 29.49 29.47    47.42    41.74       44.58    -6.76                0
 +/-                     0.7413   0.5584      1.2933   0.1961
 129 29.66 29.70 29.68    37.38    66.52       51.95    34.69                0
 +/-                     0.5221   0.8185      1.3648   0.9113
 134 29.95 29.99 29.97   -26.44    34.80        4.18    72.90 diverging      0
 +/-                     0.2888   0.4065      0.0945   1.6479
 139 30.16 30.19 30.18    44.94     3.09       24.02   -49.82                0
 +/-                     0.4172   0.0669      0.7429   1.5412
 144 30.45 30.49 30.47    47.30    22.62       34.96   -29.38                0
 +/-                     0.3542   0.1765      0.5346   0.4492
 149 30.66 30.69 30.68    27.19    25.29       26.24    -2.27                0
 +/-                     0.1864   0.1848      0.3716   0.0321
 154 30.95 30.99 30.97    17.06    30.94       24.00    16.52                0
 +/-                     0.0996   0.1878      0.2858   0.1967
 159 31.16 31.19 31.18    -8.43    31.06       11.31    47.02 diverging      0
 +/-                     0.0440   0.2191      0.1388   0.5769
 164 31.45 31.48 31.47    14.92     2.30        8.61   -15.03                0
 +/-                     0.0666   0.0857      0.3591   0.6266
 169 31.66 31.69 31.68   -17.42    12.03       -2.70    35.06 diverging      0
 +/-                     0.0747   0.1101      0.0363   0.4712
 174 31.95 31.98 31.97    26.70    -5.78       10.46   -38.66 converging     0
 +/-                     0.1070   0.0815      0.1895   0.7003
 179 32.16 32.19 32.18   -14.84    14.62       -0.11    35.07 diverging      0
 +/-                     0.0612   0.0664      0.0010   0.3041
 184 32.45 32.48 32.47   -15.86     8.24       -3.81    28.69 diverging      0
 +/-                     0.0653   0.0381      0.0333   0.2507
 189 32.66 32.69 32.67    -9.70    -5.10       -7.40     5.48                0
 +/-                     0.0416   0.0335      0.0804   0.0596
 194 32.95 32.98 32.97   -38.48   -17.87      -28.17    24.54                0
 +/-                     0.1886   0.0892      0.2787   0.2428
 199 33.16 33.19 33.17   -53.97   -35.85      -44.91    21.57                0
 +/-                     0.2981   0.1922      0.4888   0.2347
 204 33.45 33.48 33.46    36.82   -91.78      -27.48  -153.09 converging     2
 +/-                     0.2825   0.5001      0.3606   2.0088
 41 zenith rest positions and relative vertical velocity (negative downward)
vertical velocity is relative to the nightly average
rec UT1    UT2   UTmid   bin     Ebin   vel. z   E vel.  code
    hrs.   hrs.  hrs.     #       #       m/s     m/s
  0 23.30 23.33 23.32   53.433   0.2219    -7.7     0.0     1
        order #  2     122.184   0.2427
        order #  3     191.221   0.2704
        order #  4     260.128   0.2942
        order #  5     329.167   0.3215
  5 23.51 23.54 23.52   53.549   0.1960   -24.7     0.1     0
        order #  2     122.411   0.2181
        order #  3     191.287   0.2377
        order #  4     260.286   0.2591
        order #  5     329.276   0.2845
 10 23.80 23.83 23.82   53.269   0.2197     7.9     0.0     0
        order #  2     122.153   0.2405
        order #  3     191.057   0.2667
        order #  4     260.025   0.2873
        order #  5     329.031   0.3170
 15 24.01 24.04 24.02   53.486   0.2179   -17.8     0.1     0
        order #  2     122.317   0.2414
        order #  3     191.311   0.2659
        order #  4     260.196   0.2903
        order #  5     329.224   0.3174
 20 24.30 24.33 24.31   53.391   0.2551    -1.5     0.0     0
        order #  2     122.171   0.2859
        order #  3     191.136   0.3132
        order #  4     260.136   0.3365
        order #  5     329.081   0.3718
 25 24.50 24.54 24.52   53.334   0.2845    13.5     0.1     0
        order #  2     122.059   0.3188
        order #  3     190.931   0.3473
        order #  4     260.022   0.3756
        order #  5     329.012   0.4170
 30 24.79 24.83 24.81   53.424   0.3646    -0.7     0.0     0
        order #  2     122.154   0.4015
        order #  3     191.018   0.4405
        order #  4     260.251   0.4816
        order #  5     329.039   0.5486
 35 25.00 25.04 25.02   53.268   0.4199    20.7     0.2     0
        order #  2     121.930   0.4576
        order #  3     190.893   0.5062
        order #  4     260.024   0.5463
        order #  5     328.932   0.6121
 40 25.29 25.33 25.31   53.465   0.4950     3.7     0.0     0
        order #  2     122.238   0.5473
        order #  3     191.059   0.6231
        order #  4     260.109   0.6717
        order #  5     328.972   0.7484
 45 25.50 25.54 25.52   53.273   0.5498    13.0     0.2     0
        order #  2     122.029   0.6318
        order #  3     190.981   0.6893
        order #  4     260.110   0.7500
        order #  5     328.941   0.8386
 50 25.79 25.83 25.81   53.321   0.7241    11.2     0.2     0
        order #  2     121.901   0.7851
        order #  3     190.823   0.8723
        order #  4     260.122   0.9621
        order #  5     329.140   1.0601
 55 26.00 26.03 26.02   53.697   0.7090   -21.7     0.3     0
        order #  2     122.292   0.8043
        order #  3     191.258   0.8823
        order #  4     260.181   0.9469
        order #  5     329.340   1.1130
 60 26.29 26.33 26.31   53.392   0.8322    17.9     0.3     0
        order #  2     121.944   0.9449
        order #  3     191.028   1.0891
        order #  4     260.004   1.1902
        order #  5     328.887   1.3380
 65 26.50 26.53 26.52   53.511   0.8252    35.2     0.6     0
        order #  2     121.961   0.9351
        order #  3     190.936   1.0542
        order #  4     259.989   1.1365
        order #  5     328.466   1.3328
 70 26.79 26.83 26.81   53.297   0.7662     7.1     0.1     0
        order #  2     122.285   0.8881
        order #  3     191.205   0.9599
        order #  4     260.104   1.1494
        order #  5     328.795   1.2389
 75 27.00 27.03 27.02   53.529   0.7518     9.1     0.1     0
        order #  2     122.110   0.8684
        order #  3     191.182   0.9645
        order #  4     259.847   1.0624
        order #  5     329.023   1.1795
 80 27.29 27.32 27.31   53.194   0.8139     7.2     0.1     0
        order #  2     122.042   0.9250
        order #  3     191.299   1.0569
        order #  4     260.075   1.0811
        order #  5     328.904   1.3448
 85 27.50 27.53 27.52   53.479   0.8885    -2.3     0.0     0
        order #  2     122.127   1.0249
        order #  3     190.819   1.1330
        order #  4     260.114   1.2399
        order #  5     329.339   1.3574
 90 27.79 27.82 27.81   53.524   0.9062    37.2     0.7     0
        order #  2     122.036   1.0499
        order #  3     190.696   1.1339
        order #  4     259.849   1.2095
        order #  5     328.682   1.4416
 95 28.00 28.03 28.01   52.931   0.9005    53.5     1.0     0
        order #  2     121.564   1.0389
        order #  3     190.830   1.0667
        order #  4     259.668   1.1779
        order #  5     328.709   1.3550
100 28.29 28.32 28.31   53.279   1.0715     0.8     0.0     1
        order #  2     121.838   1.1611
        order #  3     191.269   1.4006
        order #  4     260.319   1.4421
        order #  5     328.970   1.6100
105 28.50 28.53 28.51   53.281   1.1096    23.7     0.5     1
        order #  2     121.806   1.2222
        order #  3     191.032   1.3522
        order #  4     260.371   1.5147
        order #  5     328.489   1.7757
110 28.79 28.82 28.81   53.251   1.2381    -6.0     0.1     1
        order #  2     122.200   1.4486
        order #  3     190.891   1.7106
        order #  4     259.878   1.6940
        order #  5     329.587   1.8494
115 29.00 29.03 29.01   53.394   1.1929   -17.1     0.4     1
        order #  2     122.233   1.3503
        order #  3     191.416   1.4005
        order #  4     260.304   1.5907
        order #  5     329.087   1.8702
120 29.29 29.32 29.30   53.382   1.1269    23.9     0.5     1
        order #  2     122.039   1.2954
        order #  3     190.813   1.4392
        order #  4     260.089   1.5878
        order #  5     328.761   1.8245
125 29.50 29.53 29.51   53.553   0.9685   -17.1     0.3     0
        order #  2     122.223   1.0337
        order #  3     191.027   1.1531
        order #  4     260.136   1.2570
        order #  5     329.482   1.3667
130 29.79 29.82 29.80   53.369   0.8037     7.6     0.1     0
        order #  2     122.030   0.8677
        order #  3     190.956   1.0365
        order #  4     259.927   1.1306
        order #  5     329.232   1.2397
135 30.00 30.03 30.01   53.481   0.6828    10.6     0.2     0
        order #  2     122.094   0.7399
        order #  3     191.106   0.8646
        order #  4     259.936   0.9088
        order #  5     328.986   1.0337
140 30.29 30.32 30.30   53.433   0.5866     8.9     0.1     0
        order #  2     122.027   0.6359
        order #  3     191.133   0.7054
        order #  4     260.067   0.7956
        order #  5     328.936   0.8970
145 30.49 30.53 30.51   53.098   0.5211    27.3     0.3     0
        order #  2     121.852   0.5785
        order #  3     190.822   0.6465
        order #  4     260.081   0.7011
        order #  5     328.842   0.7861
150 30.79 30.82 30.80   53.457   0.4771   -12.0     0.1     0
        order #  2     122.116   0.5312
        order #  3     191.183   0.6042
        order #  4     260.214   0.6470
        order #  5     329.259   0.7225
155 30.99 31.03 31.01   53.388   0.4009    -2.1     0.0     0
        order #  2     122.285   0.4666
        order #  3     191.113   0.5063
        order #  4     260.067   0.5577
        order #  5     329.115   0.6095
160 31.28 31.32 31.30   53.433   0.3371   -17.6     0.1     0
        order #  2     122.341   0.3753
        order #  3     191.251   0.4122
        order #  4     260.243   0.4496
        order #  5     329.220   0.4902
165 31.49 31.53 31.51   53.484   0.3030   -23.3     0.2     0
        order #  2     122.311   0.3392
        order #  3     191.244   0.3748
        order #  4     260.327   0.4089
        order #  5     329.300   0.4441
170 31.78 31.82 31.80   53.452   0.2807   -13.0     0.1     0
        order #  2     122.229   0.3163
        order #  3     191.146   0.3489
        order #  4     260.292   0.3780
        order #  5     329.186   0.4207
175 31.99 32.03 32.01   53.573   0.2698   -25.0     0.2     0
        order #  2     122.365   0.2962
        order #  3     191.202   0.3292
        order #  4     260.246   0.3604
        order #  5     329.391   0.3898
180 32.28 32.32 32.30   53.463   0.2847   -10.6     0.1     0
        order #  2     122.189   0.3180
        order #  3     191.161   0.3513
        order #  4     260.120   0.3758
        order #  5     329.281   0.4201
185 32.49 32.53 32.51   53.509   0.2717   -35.3     0.2     0
        order #  2     122.389   0.3006
        order #  3     191.326   0.3352
        order #  4     260.446   0.3654
        order #  5     329.397   0.4060
190 32.78 32.82 32.80   53.440   0.3029   -17.1     0.1     0
        order #  2     122.241   0.3338
        order #  3     191.254   0.3753
        order #  4     260.242   0.4002
        order #  5     329.253   0.4437
195 32.99 33.02 33.01   53.607   0.3217   -44.7     0.3     0
        order #  2     122.464   0.3504
        order #  3     191.429   0.4008
        order #  4     260.419   0.4347
        order #  5     329.528   0.4785
200 33.28 33.31 33.30   53.558   0.3479   -27.7     0.2     0
        order #  2     122.304   0.3844
        order #  3     191.318   0.4251
        order #  4     260.322   0.4652
        order #  5     329.347   0.5034
Raw data available upon request
