Easton, Maine  Redline   Brightness and Temperature
Plate gap:  1.0320 FSR:   71.4248 bin units sensitivity: 60.00000[bin units*(adu/pixel)]*1/R
me241204   flats: me241204  quadratic background, Poisson weighting, ( sky  )   moon phase:  Waxing crescent 
avg. brightness Z (R):  137.6 +/- 77.7 avg. error:   3.9
avg. brightness N (R):    0.0 +/-  0.0 avg. error:   0.0  avg. brightness S (R):    0.0 +/-  0.0 avg. error:   0.0
avg. brightness E (R):    0.0 +/-  0.0 avg. error:   0.0  avg. brightness W (R):    0.0 +/-  0.0 avg. error:   0.0
avg. background Z (R):  203.0 +/- 98.0 avg. error:   2.1
avg. background N (R):    0.0 +/-  0.0 avg. error:   0.0  avg. background S (R):    0.0 +/-  0.0 avg. error:   0.0
avg. background E (R):    0.0 +/-  0.0 avg. error:   0.0  avg. background W (R):    0.0 +/-  0.0 avg. error:   0.0
     avg. temp. Z (K):  601.2 +/- 48.8 avg. error:   9.5
     avg. temp. N (K):    0.0 +/-  0.0 avg. error:   0.0  avg. temp. S (K):    0.0 +/-  0.0 avg. error:   0.0
     avg. temp. E (K):    0.0 +/-  0.0 avg. error:   0.0  avg. temp. W (K):    0.0 +/-  0.0 avg. error:   0.0
data quality: code=0 trustworthy;  code=1 be suspicious;  code=2 be dubious
Location latitude: 46.68, longitude: -67.88
SS-Analyze V05.03
 
 
 
 
image tmid Etime   AZ    ZN   signal Esignal   bkgnd  Ebkgnd   temp    Etemp  moon code
  #   hrs  hrs    deg   deg      R      R         R      R      K        K      %
  24 22.50 0.017   0.0   0.0  395.46   5.423    92.7    1.47  710.475   4.073 25.4  1
  25 22.54 0.017   0.0   0.0  385.42   5.387    97.6    1.51  708.294   4.156 25.4  1
  26 22.58 0.017   0.0   0.0  375.38   5.321    96.5    1.50  702.990   4.185 25.4  1
  27 22.61 0.017   0.0   0.0  367.51   5.241    89.0    1.44  705.096   4.210 25.4  1
  29 22.69 0.017   0.0   0.0  351.46   5.097    79.2    1.36  706.723   4.274 25.4  1
  30 22.81 0.017   0.0   0.0  328.68   4.919    73.0    1.30  688.435   4.288 25.5  1
  31 22.85 0.017   0.0   0.0  321.52   4.869    72.0    1.29  677.594   4.270 25.5  1
  32 22.89 0.017   0.0   0.0  322.99   4.870    70.9    1.28  685.031   4.295 25.5  1
  33 22.93 0.017   0.0   0.0  315.85   4.819    70.1    1.27  669.978   4.250 25.5  1
  34 22.96 0.017   0.0   0.0  317.08   4.823    69.3    1.26  677.057   4.280 25.5  1
  35 23.00 0.017   0.0   0.0  321.46   4.855    69.8    1.27  682.617   4.283 25.5  1
  36 23.04 0.017   0.0   0.0  320.96   4.853    70.1    1.27  679.011   4.267 25.5  1
  37 23.08 0.017   0.0   0.0  320.05   4.845    69.5    1.27  685.772   4.314 25.6  1
  40 23.28 0.017   0.0   0.0  304.29   4.828    88.2    1.42  679.198   4.550 25.6  1
  41 23.31 0.017   0.0   0.0  302.19   4.836    93.7    1.46  666.593   4.518 25.6  1
  42 23.35 0.017   0.0   0.0  302.30   4.830    93.6    1.46  658.896   4.456 25.6  1
  43 23.39 0.017   0.0   0.0  306.67   4.838    86.9    1.41  676.868   4.502 25.6  1
  44 23.43 0.017   0.0   0.0  307.76   4.823    81.5    1.37  679.003   4.470 25.6  1
  45 23.46 0.017   0.0   0.0  303.16   4.778    79.5    1.35  664.691   4.394 25.7  1
  46 23.50 0.017   0.0   0.0  299.84   4.746    77.3    1.33  669.072   4.439 25.7  1
  48 23.58 0.017   0.0   0.0  292.71   4.676    72.3    1.29  674.180   4.505 25.7  1
  49 23.62 0.017   0.0   0.0  290.86   4.659    71.1    1.28  675.920   4.527 25.7  1
  50 23.74 0.017   0.0   0.0  288.47   4.665    75.9    1.32  672.107   4.562 25.7  1
  52 23.81 0.017   0.0   0.0  286.80   4.662    78.5    1.34  662.733   4.528 25.8  1
  53 23.85 0.017   0.0   0.0  287.19   4.663    78.6    1.34  659.895   4.503 25.8  1
  54 23.89 0.017   0.0   0.0  284.87   4.640    76.3    1.32  669.528   4.581 25.8  1
  55 23.93 0.017   0.0   0.0  277.51   4.606    80.1    1.35  657.340   4.599 25.8  1
  56 23.97 0.017   0.0   0.0  280.82   4.681    91.3    1.44  659.321   4.667 25.8  1
  57 24.00 0.017   0.0   0.0  287.73   4.836   116.5    1.62  654.804   4.734 25.8  1
  58 24.04 0.017   0.0   0.0  289.19   4.894   128.5    1.70  659.713   4.833 25.8  1
  59 24.08 0.017   0.0   0.0  287.14   4.860   123.5    1.67  661.439   4.837 25.8  1
  60 24.20 0.017   0.0   0.0  271.24   4.732   118.7    1.63  661.739   4.994 25.9  1
  61 24.24 0.017   0.0   0.0  262.73   4.695   124.7    1.67  652.224   5.064 25.9  1
  62 24.28 0.017   0.0   0.0  255.03   4.632   122.8    1.65  648.536   5.121 25.9  1
  63 24.32 0.017   0.0   0.0  250.75   4.608   123.0    1.66  659.929   5.284 25.9  1
  64 24.35 0.017   0.0   0.0  241.84   4.564   130.1    1.70  643.504   5.317 25.9  1
  65 24.39 0.017   0.0   0.0  242.84   4.570   129.5    1.70  646.348   5.323 25.9  1
  66 24.43 0.017   0.0   0.0  240.02   4.561   132.4    1.71  647.867   5.401 25.9  1
  67 24.47 0.017   0.0   0.0  231.89   4.512   135.3    1.73  640.971   5.489 25.9  1
  68 24.51 0.017   0.0   0.0  236.39   4.544   134.3    1.73  649.537   5.489 25.9  1
  69 24.54 0.017   0.0   0.0  234.51   4.535   135.7    1.74  651.935   5.550 26.0  1
  70 24.67 0.017   0.0   0.0  237.33   4.644   157.1    1.87  655.920   5.704 26.0  1
  71 24.70 0.017   0.0   0.0  225.42   4.599   169.8    1.93  646.350   5.908 26.0  1
  72 24.74 0.017   0.0   0.0  210.91   4.484   164.1   18.05  615.138   5.869 26.0  1
  73 24.78 0.017   0.0   0.0  214.40   4.504   166.9    1.92  645.835   6.093 26.0  1
  74 24.82 0.017   0.0   0.0  202.96   4.443   174.0    1.96  645.203   6.385 26.0  1
  75 24.86 0.017   0.0   0.0  200.12   4.392   169.5    1.92  622.777   6.162 26.0  1
  76 24.89 0.017   0.0   0.0  195.63   4.367   170.8    1.93  630.124   6.358 26.1  1
  77 24.93 0.017   0.0   0.0  187.70   4.337   178.7    1.98  637.479   6.704 26.1  1
  78 24.97 0.017   0.0   0.0  189.37   4.318   172.5    1.94  623.242   6.440 26.1  1
  79 25.01 0.017   0.0   0.0  187.91   4.292   167.9    1.92  631.187   6.528 26.1  1
  80 25.13 0.017   0.0   0.0  185.43   4.258   163.3    1.89  632.642   6.573 26.1  1
  81 25.17 0.017   0.0   0.0  187.30   4.251   159.4    1.86  618.689   6.330 26.1  1
  82 25.20 0.017   0.0   0.0  194.61   4.283   151.0    1.82  629.840   6.215 26.1  1
  83 25.24 0.017   0.0   0.0  194.40   4.267   147.6    1.79  625.617   6.145 26.2  1
  84 25.28 0.017   0.0   0.0  197.58   4.275   144.2    1.77  620.256   5.986 26.2  1
  85 25.32 0.017   0.0   0.0  202.20   4.322   146.2    1.79  630.209   6.011 26.2  1
  86 25.36 0.017   0.0   0.0  199.78   4.315   150.2    1.81  620.680   5.992 26.2  1
  87 25.39 0.017   0.0   0.0  193.25   4.313   163.6    1.89  617.823   6.213 26.2  1
  88 25.43 0.017   0.0   0.0  180.98   4.282   181.3    1.98  621.770   6.710 26.2  1
  89 25.47 0.017   0.0   0.0  167.06   4.196   189.7    2.03  617.412   7.134 26.2  1
  90 25.59 0.017   0.0   0.0  156.73   4.052   173.8    1.93  604.602   7.170 26.2  1
  91 25.63 0.017   0.0   0.0  155.80   4.017   169.3    1.91  607.899   7.181 26.3  1
  92 25.67 0.017   0.0   0.0  152.92   4.001   168.4    1.91  629.193   7.564 26.3  1
  93 25.71 0.017   0.0   0.0  151.91   3.961   163.4    1.88  611.826   7.306 26.3  1
  94 25.74 0.017   0.0   0.0  153.08   3.948   157.1    1.84  612.268   7.210 26.3  1
  95 25.78 0.017   0.0   0.0  156.35   3.954   150.2    1.81  622.981   7.165 26.3  1
  96 25.82 0.017   0.0   0.0  154.63   3.935   148.0    1.80  630.244   7.297 26.3  1
  97 25.86 0.017   0.0   0.0  144.41   3.852   152.9    1.82  608.855   7.428 26.3  1
  98 25.90 0.017   0.0   0.0  137.17   3.777   152.9    1.81  595.908   7.524 26.3  1
  99 25.93 0.017   0.0   0.0  134.99   3.758   150.9    1.80  610.082   7.800 26.3  1
 100 26.06 0.017   0.0   0.0  117.51   3.668   175.8    1.93  579.377   8.454 26.4  1
 101 26.09 0.017   0.0   0.0  116.32   3.700   184.1    1.98  588.483   8.789 26.4  1
 102 26.13 0.017   0.0   0.0  114.79   3.727   193.1    2.03  603.784   9.260 26.4  1
 103 26.17 0.017   0.0   0.0  111.25   3.663   190.1    2.01  581.348   9.034 26.4  1
 104 26.21 0.017   0.0   0.0  111.86   3.653   182.8    1.97  593.642   9.128 26.4  1
 105 26.24 0.017   0.0   0.0  109.47   3.640   183.1    1.98  609.867   9.581 26.4  1
 106 26.28 0.017   0.0   0.0  105.02   3.595   185.6    1.99  593.560   9.621 26.4  1
 107 26.32 0.017   0.0   0.0  105.59   3.626   187.7    2.01  621.205  10.132 26.5  1
 108 26.36 0.017   0.0   0.0  105.88   3.628   186.7    2.00  623.944  10.150 26.5  1
 109 26.40 0.017   0.0   0.0  105.31   3.571   181.7    1.96  581.578   9.312 26.5  1
 110 26.52 0.017   0.0   0.0  104.44   3.604   187.2    2.00  605.847   9.919 26.5  1
 111 26.56 0.017   0.0   0.0  103.37   3.586   186.7    1.99  601.198   9.898 26.5  1
 112 26.59 0.017   0.0   0.0  100.74   3.571   192.5    2.02  586.390   9.889 26.5  1
 113 26.63 0.017   0.0   0.0  102.69   3.588   189.7    2.01  596.046   9.894 26.5  1
 114 26.67 0.017   0.0   0.0  103.50   3.563   184.0    1.97  581.573   9.473 26.5  1
 115 26.71 0.017   0.0   0.0  108.91   3.618   180.8    1.96  600.330   9.408 26.6  1
 116 26.75 0.017   0.0   0.0  107.95   3.647   190.6    2.01  595.970   9.533 26.6  1
 117 26.78 0.017   0.0   0.0  105.65   3.637   196.1    2.04  586.203   9.580 26.6  1
 118 26.82 0.017   0.0   0.0  104.28   3.686   206.9    2.10  616.353  10.419 26.6  1
 119 26.86 0.017   0.0   0.0  104.00   3.684   205.0    2.10  627.974  10.645 26.6  1
 120 26.98 0.017   0.0   0.0   91.45   3.519   203.4    2.07  588.240  10.883 26.6  1
 121 27.02 0.017   0.0   0.0   91.36   3.509   199.9    2.06  595.467  10.991 26.6  1
 122 27.06 0.017   0.0   0.0   96.62   3.549   190.9    2.02  619.680  10.886 26.7  1
 123 27.10 0.017   0.0   0.0   98.91   3.541   184.9    1.99  611.689  10.427 26.7  1
 124 27.13 0.017   0.0   0.0   96.79   3.492   182.3    1.96  586.016  10.048 26.7  1
 125 27.17 0.017   0.0   0.0   91.75   3.439   184.4    1.97  572.652  10.233 26.7  1
 126 27.21 0.017   0.0   0.0   92.99   3.485   185.9    1.99  613.807  11.006 26.7  1
 127 27.25 0.017   0.0   0.0   98.85   3.501   177.5    1.94  598.963  10.061 26.7  1
 128 27.28 0.017   0.0   0.0  111.16   3.576   162.8    1.87  611.668   9.211 26.7  1
 129 27.32 0.017   0.0   0.0  116.08   3.574   152.6    1.80  588.707   8.403 26.7  1
 130 27.44 0.017   0.0   0.0  126.26   3.683   154.0    1.82  600.362   8.083 26.8  1
 131 27.48 0.017   0.0   0.0  129.48   3.710   152.4    1.81  606.940   8.013 26.8  1
 132 27.52 0.017   0.0   0.0  120.44   3.728   174.3    1.94  630.874   9.151 26.8  1
 133 27.56 0.017   0.0   0.0  115.97   3.665   173.5    1.93  605.247   8.960 26.8  1
 134 27.60 0.017   0.0   0.0  112.10   3.615   169.0    1.91  616.791   9.335 26.8  1
 135 27.63 0.017   0.0   0.0  104.82   3.610   185.4    2.00  621.466  10.161 26.8  1
 136 27.67 0.017   0.0   0.0  114.12   3.645   171.8    1.92  616.698   9.243 26.8  1
 137 27.71 0.017   0.0   0.0  116.99   3.599   156.5    1.83  596.705   8.527 26.8  1
 138 27.75 0.017   0.0   0.0  113.14   3.593   161.0    1.86  617.381   9.163 26.8  1
 139 27.79 0.017   0.0   0.0  111.77   3.561   159.4    1.84  592.770   8.809 26.9  1
 140 27.91 0.017   0.0   0.0  122.78   3.553   132.0    1.68  594.422   7.866 26.9  1
 141 27.95 0.017   0.0   0.0  123.22   3.561   130.4    1.67  602.131   7.954 26.9  1
 142 27.98 0.017   0.0   0.0  130.61   3.590   122.2    1.62  603.083   7.513 26.9  1
 143 28.02 0.017   0.0   0.0  131.45   3.561   115.4    1.57  588.710   7.186 26.9  1
 144 28.06 0.017   0.0   0.0  129.59   3.528   112.3    1.55  586.824   7.190 26.9  1
 145 28.10 0.017   0.0   0.0  128.30   3.538   115.2    1.58  603.065   7.515 26.9  1
 146 28.14 0.017   0.0   0.0  119.88   3.523   134.1    1.69  575.120   7.735 27.0  1
 147 28.17 0.017   0.0   0.0  116.66   3.567   151.1    1.79  585.520   8.288 27.0  1
 148 28.21 0.017   0.0   0.0  115.27   3.610   161.1    1.86  612.813   8.957 27.0  1
 149 28.25 0.017   0.0   0.0  110.80   3.521   155.4    1.82  578.662   8.556 27.0  1
 150 28.37 0.017   0.0   0.0  102.31   3.440   157.3    1.82  577.504   9.093 27.0  1
 151 28.41 0.017   0.0   0.0  103.41   3.418   149.2    1.78  576.640   8.883 27.0  1
 152 28.45 0.017   0.0   0.0   98.59   3.399   156.7    1.82  575.634   9.312 27.0  1
 153 28.49 0.017   0.0   0.0   90.47   3.390   176.0    1.93  577.036  10.290 27.1  1
 154 28.52 0.017   0.0   0.0   91.41   3.380   171.3    1.90  576.321  10.116 27.1  1
 155 28.56 0.017   0.0   0.0   90.88   3.368   169.1    1.89  577.321  10.151 27.1  1
 156 28.60 0.017   0.0   0.0   89.38   3.315   161.8    1.84  566.829   9.946 27.1  1
 157 28.64 0.017   0.0   0.0   83.12   3.339   179.0    1.95  600.586  11.588 27.1  1
 158 28.67 0.017   0.0   0.0   89.07   3.355   168.4    1.89  589.269  10.556 27.1  1
 159 28.71 0.017   0.0   0.0   93.81   3.373   161.7    1.85  584.023   9.918 27.1  1
 160 28.83 0.017   0.0   0.0   97.36   3.382   158.6    1.82  557.831   9.092 27.1  1
 161 28.87 0.017   0.0   0.0   97.16   3.424   169.4    1.89  559.797   9.303 27.2  1
 162 28.91 0.017   0.0   0.0   96.03   3.466   181.7    1.95  567.025   9.714 27.2  1
 163 28.95 0.017   0.0   0.0   97.63   3.487   182.0    1.96  571.184   9.677 27.2  1
 164 28.99 0.017   0.0   0.0   95.45   3.459   177.7    1.93  576.013   9.902 27.2  1
 165 29.02 0.017   0.0   0.0   90.62   3.383   177.3    1.92  553.671   9.818 27.2  1
 166 29.06 0.017   0.0   0.0   91.02   3.377   172.8    1.90  564.902   9.946 27.2  1
 167 29.10 0.017   0.0   0.0   97.39   3.400   161.1    1.84  572.158   9.398 27.2  1
 168 29.14 0.017   0.0   0.0  102.31   3.374   143.2    1.73  558.557   8.552 27.2  1
 169 29.18 0.017   0.0   0.0  102.52   3.345   138.2    1.70  545.982   8.238 27.2  1
 170 29.30 0.017   0.0   0.0  100.12   3.286   131.5    1.66  535.822   8.109 27.3  1
 171 29.34 0.017   0.0   0.0  102.59   3.292   126.6    1.63  543.781   8.019 27.3  1
 172 29.37 0.017   0.0   0.0  101.27   3.276   125.0    1.62  548.967   8.164 27.3  1
 173 29.41 0.017   0.0   0.0   98.28   3.214   120.5    1.58  527.580   7.910 27.3  1
 174 29.45 0.017   0.0   0.0  100.40   3.260   125.3    1.62  538.292   8.034 27.3  1
 175 29.49 0.017   0.0   0.0  100.98   3.270   124.2    1.61  546.585   8.134 27.3  1
 176 29.53 0.017   0.0   0.0   94.80   3.241   138.0    1.69  511.345   8.099 27.3  1
 177 29.56 0.017   0.0   0.0   91.76   3.313   159.1    1.82  542.228   9.211 27.4  1
 178 29.60 0.017   0.0   0.0   89.78   3.363   176.7    1.92  542.703   9.651 27.4  1
 179 29.64 0.017   0.0   0.0   96.40   3.389   164.4    1.85  552.714   9.144 27.4  1
 180 29.76 0.017   0.0   0.0  101.57   3.275   125.2    1.62  545.047   8.076 27.4  1
 181 29.80 0.017   0.0   0.0  101.73   3.262   121.0    1.59  546.803   8.038 27.4  1
 182 29.84 0.017   0.0   0.0   99.45   3.200   114.7    1.55  531.140   7.805 27.4  1
 183 29.88 0.017   0.0   0.0   98.25   3.163   109.4    1.51  530.521   7.781 27.4  1
 184 29.91 0.017   0.0   0.0   98.48   3.236   122.8    1.60  547.591   8.277 27.4  1
 185 29.95 0.017   0.0   0.0   88.61   3.175   136.7    1.67  508.079   8.472 27.5  1
 186 29.99 0.017   0.0   0.0   93.52   3.260   138.9    1.71  561.376   9.125 27.5  1
 187 30.03 0.017   0.0   0.0   84.10   3.172   149.5    1.75  514.924   9.130 27.5  1
 188 30.07 0.017   0.0   0.0   90.60   3.235   142.7    1.73  550.685   9.199 27.5  1
 189 30.10 0.017   0.0   0.0   91.88   3.281   148.3    1.77  565.072   9.470 27.5  1
 190 30.23 0.017   0.0   0.0   79.47   3.259   182.6    1.94  528.228  10.378 27.5  1
 191 30.26 0.017   0.0   0.0   82.65   3.281   176.7    1.92  542.677  10.287 27.5  1
 192 30.30 0.017   0.0   0.0   80.71   3.196   165.4    1.84  511.419   9.608 27.6  1
 193 30.34 0.017   0.0   0.0   79.75   3.206   170.5    1.87  518.172   9.921 27.6  1
 194 30.38 0.017   0.0   0.0   82.59   3.240   168.4    1.87  528.998   9.863 27.6  1
 195 30.42 0.017   0.0   0.0   80.52   3.205   167.1    1.85  520.784   9.856 27.6  1
 196 30.45 0.017   0.0   0.0   77.22   3.160   166.4    1.85  517.308  10.087 27.6  1
 197 30.49 0.017   0.0   0.0   73.76   3.145   172.6    1.88  518.924  10.606 27.6  1
 198 30.53 0.017   0.0   0.0   72.82   3.090   163.9    1.83  498.859  10.094 27.6  1
 199 30.57 0.017   0.0   0.0   75.90   3.123   161.2    1.82  515.170  10.088 27.6  1
 200 30.69 0.017   0.0   0.0   73.03   3.164   177.2    1.91  526.075  10.957 27.7  1
 201 30.73 0.017   0.0   0.0   77.40   3.159   164.6    1.84  520.196  10.110 27.7  1
 202 30.76 0.017   0.0   0.0   76.94   3.155   162.3    1.83  538.016  10.518 27.7  1
 203 30.80 0.017   0.0   0.0   72.53   3.111   167.2    1.85  517.592  10.627 27.7  1
 204 30.84 0.017   0.0   0.0   71.96   3.153   178.6    1.92  523.102  11.032 27.7  1
 205 30.88 0.017   0.0   0.0   72.28   3.188   187.1    1.96  523.095  11.138 27.7  1
 206 30.92 0.017   0.0   0.0   70.71   3.198   194.3    2.00  522.119  11.443 27.7  1
 207 30.95 0.017   0.0   0.0   73.98   3.225   188.4    1.97  534.549  11.249 27.7  1
 208 30.99 0.017   0.0   0.0   75.78   3.209   180.4    1.93  529.287  10.765 27.7  1
 209 31.03 0.017   0.0   0.0   75.66   3.243   183.6    1.96  559.787  11.575 27.8  1
 210 31.15 0.017   0.0   0.0   75.31   3.277   190.0    2.00  575.852  12.137 27.8  1
 211 31.19 0.017   0.0   0.0   73.78   3.223   187.0    1.97  543.924  11.477 27.8  1
 212 31.23 0.017   0.0   0.0   73.24   3.231   189.0    1.98  551.447  11.774 27.8  1
 213 31.27 0.017   0.0   0.0   68.56   3.217   201.6    2.04  540.822  12.373 27.8  1
 214 31.30 0.017   0.0   0.0   68.96   3.221   202.4    2.04  535.633  12.192 27.8  1
 215 31.34 0.017   0.0   0.0   71.28   3.250   197.0    2.03  561.499  12.455 27.8  1
 216 31.38 0.017   0.0   0.0   66.56   3.244   208.5    2.09  569.758  13.631 27.9  2
 217 31.42 0.017   0.0   0.0   58.90   3.166   218.5    2.12  539.787  14.349 27.9  2
 218 31.46 0.017   0.0   0.0   56.96   3.188   223.1    2.16  571.578  15.923 27.9  2
 219 31.49 0.017   0.0   0.0   57.26   3.090   214.6    2.08  492.903  13.107 27.9  2
 220 31.62 0.017   0.0   0.0   74.38   3.217   189.2    1.97  513.755  10.702 27.9  1
 221 31.65 0.017   0.0   0.0   76.86   3.252   194.6    1.99  497.834  10.128 27.9  1
 222 31.69 0.017   0.0   0.0   79.79   3.378   209.7    2.08  542.461  11.119 27.9  1
 223 31.73 0.017   0.0   0.0   78.26   3.409   217.4    2.13  562.508  11.926 28.0  1
 224 31.77 0.017   0.0   0.0   77.57   3.377   213.3    2.11  553.560  11.713 28.0  1
 225 31.81 0.017   0.0   0.0   73.26   3.314   215.6    2.10  526.625  11.601 28.0  1
 226 31.84 0.017   0.0   0.0   69.84   3.362   229.9    2.19  563.817  13.355 28.0  2
 227 31.88 0.017   0.0   0.0   66.51   3.398   247.9    2.28  572.482  14.518 28.0  2
 228 31.92 0.017   0.0   0.0   69.28   3.385   236.9    2.22  566.484  13.657 28.0  2
 229 31.96 0.017   0.0   0.0   78.96   3.420   215.0    2.13  578.271  12.195 28.0  1
 230 32.08 0.017   0.0   0.0   87.35   3.490   209.4    2.10  581.275  11.217 28.1  1
 231 32.12 0.017   0.0   0.0   85.03   3.447   214.3    2.10  535.304  10.470 28.1  1
 232 32.15 0.017   0.0   0.0   86.15   3.482   219.3    2.13  540.026  10.543 28.1  1
 233 32.19 0.017   0.0   0.0   92.75   3.553   214.0    2.12  563.603  10.382 28.1  1
 234 32.23 0.017   0.0   0.0   94.12   3.547   211.4    2.10  551.188   9.961 28.1  1
 235 32.27 0.017   0.0   0.0   97.23   3.577   207.6    2.08  560.693   9.864 28.1  1
 236 32.31 0.017   0.0   0.0  103.32   3.627   207.6    2.08  547.359   9.139 28.1  1
 237 32.34 0.017   0.0   0.0  111.17   3.686   202.4    2.06  550.930   8.633 28.1  1
 238 32.38 0.017   0.0   0.0  114.67   3.745   210.0    2.09  544.369   8.401 28.1  1
 239 32.42 0.017   0.0   0.0  124.26   3.888   215.9    2.14  582.606   8.612 28.1  1
 240 32.54 0.017   0.0   0.0  124.18   3.971   245.0    2.27  561.395   8.539 28.2  2
 241 32.58 0.017   0.0   0.0  120.41   3.946   250.1    2.28  550.130   8.596 28.2  2
 242 32.62 0.017   0.0   0.0  115.88   3.924   256.9    2.31  551.352   8.944 28.2  2
 243 32.66 0.017   0.0   0.0  113.92   3.976   267.9    2.38  589.003   9.924 28.2  2
 244 32.69 0.017   0.0   0.0  106.28   3.959   276.5    2.43  615.229  11.161 28.2  2
 245 32.73 0.017   0.0   0.0   93.03   3.803   282.1    2.43  565.800  11.326 28.2  2
 246 32.77 0.017   0.0   0.0   95.24   3.899   289.8    2.49  618.215  12.454 28.2  2
 247 32.81 0.017   0.0   0.0   97.57   3.919   297.8    2.50  586.054  11.554 28.3  2
 248 32.85 0.017   0.0   0.0  108.69   4.012   286.4    2.47  612.270  11.012 28.3  2
 249 32.88 0.017   0.0   0.0  107.37   3.993   286.4    2.47  605.176  10.968 28.3  2
 250 33.01 0.017   0.0   0.0  108.64   4.044   298.2    2.52  605.189  11.000 28.3  2
 251 33.04 0.017   0.0   0.0  106.81   4.109   319.8    2.61  614.624  11.619 28.3  2
 252 33.08 0.017   0.0   0.0  104.28   4.080   320.5    2.61  607.022  11.682 28.3  2
 253 33.12 0.017   0.0   0.0   97.39   4.041   327.4    2.63  610.279  12.528 28.3  2
 254 33.16 0.017   0.0   0.0   93.57   4.083   334.4    2.69  664.743  14.468 28.4  2
 255 33.19 0.017   0.0   0.0   93.24   4.027   333.7    2.66  616.916  13.242 28.4  2
 256 33.23 0.017   0.0   0.0   92.84   4.041   334.8    2.67  628.485  13.610 28.4  2
 257 33.27 0.017   0.0   0.0   87.12   3.983   338.6    2.68  616.530  14.075 28.4  2
 258 33.31 0.017   0.0   0.0   82.84   3.987   341.6    2.71  649.584  15.701 28.4  2
 259 33.35 0.017   0.0   0.0   79.80   3.946   345.4    2.71  628.450  15.627 28.4  2
 260 33.47 0.017   0.0   0.0   84.84   4.082   355.5    2.78  677.723  16.428 28.4  2
 261 33.51 0.017   0.0   0.0   83.18   4.002   345.3    2.72  649.765  15.709 28.4  2
 262 33.54 0.017   0.0   0.0   82.08   4.006   345.1    2.73  664.521  16.327 28.5  2
 263 33.58 0.017   0.0   0.0   77.79   3.946   344.6    2.72  650.531  16.645 28.5  2
 264 33.62 0.017   0.0   0.0   75.57   3.928   355.6    2.75  621.648  16.316 28.5  2
 265 33.66 0.017   0.0   0.0   80.15   4.051   360.2    2.79  674.974  17.246 28.5  2
 266 33.70 0.017   0.0   0.0   78.47   3.955   353.6    2.74  623.619  15.834 28.5  2
 267 33.73 0.017   0.0   0.0   78.87   4.034   368.5    2.81  647.443  16.746 28.5  2
 268 33.77 0.017   0.0   0.0   80.46   4.153   388.1    2.90  680.677  17.838 28.5  2
 269 33.81 0.017   0.0   0.0   78.23   4.096   380.8    2.87  671.096  17.836 28.5  2
 270 33.93 0.017   0.0   0.0   75.67   4.008   375.7    2.83  630.597  16.922 28.6  2
 271 33.97 0.017   0.0   0.0   76.61   3.995   367.2    2.80  636.374  16.792 28.6  2
 272 34.01 0.017   0.0   0.0   72.76   3.958   372.6    2.81  620.606  17.122 28.6  2
 273 34.05 0.017   0.0   0.0   76.59   4.115   375.8    2.88  719.303  19.694 28.6  2
 274 34.08 0.017   0.0   0.0   68.93   3.952   375.9    2.83  635.921  18.569 28.6  2
 275 34.12 0.017   0.0   0.0   72.67   3.993   374.5    2.83  647.822  18.094 28.6  2
 276 34.16 0.017   0.0   0.0   77.02   3.984   364.1    2.79  632.371  16.537 28.6  2
 277 34.20 0.017   0.0   0.0   80.02   3.970   358.7    2.75  608.388  15.185 28.6  2
 278 34.24 0.017   0.0   0.0   81.75   3.990   352.6    2.74  624.311  15.312 28.6  2
 279 34.27 0.017   0.0   0.0   84.17   4.016   353.2    2.74  629.067  15.069 28.7  2
 280 34.39 0.017   0.0   0.0   88.97   4.083   362.6    2.78  619.554  14.241 28.7  2
 281 34.43 0.017   0.0   0.0   90.49   4.142   376.6    2.83  618.389  14.192 28.7  2
 282 34.47 0.017   0.0   0.0   94.49   4.231   389.0    2.88  627.554  14.089 28.7  2
 283 34.51 0.017   0.0   0.0   95.54   4.275   395.4    2.91  640.670  14.393 28.7  2
 284 34.55 0.017   0.0   0.0   97.83   4.364   408.1    2.97  665.693  14.945 28.7  2
 285 34.58 0.017   0.0   0.0   98.58   4.393   421.4    3.01  648.127  14.535 28.7  2
 286 34.62 0.017   0.0   0.0   99.27   4.368   416.0    2.98  635.413  14.041 28.8  2
 287 34.66 0.017   0.0   0.0  102.33   4.375   407.4    2.95  640.912  13.727 28.8  2
 288 34.70 0.017   0.0   0.0  105.00   4.364   400.2    2.92  629.042  13.053 28.8  2
 289 34.74 0.017   0.0   0.0  112.46   4.464   408.0    2.96  636.797  12.590 28.8  2
 290 34.86 0.017   0.0   0.0  133.27   4.603   404.0    2.93  614.257  10.433 28.8  2
 291 34.90 0.017   0.0   0.0  135.83   4.636   403.4    2.94  625.715  10.499 28.8  2
 292 34.93 0.017   0.0   0.0  143.44   4.645   396.3    2.90  595.887   9.418 28.8  2
 293 34.97 0.017   0.0   0.0  157.18   4.835   415.3    2.98  618.822   9.283 28.9  2
 294 35.01 0.017   0.0   0.0  167.92   4.918   418.0    2.98  611.695   8.697 28.9  2
 295 35.05 0.017   0.0   0.0  169.49   4.935   429.2    3.01  584.536   8.250 28.9  2
 296 35.09 0.017   0.0   0.0  188.79   5.172   455.3    3.11  607.218   8.056 28.9  2
 297 35.12 0.017   0.0   0.0  206.79   5.382   483.6    3.21  614.966   7.740 28.9  2
 298 35.16 0.017   0.0   0.0  223.59   5.626   539.9    3.39  604.722   7.367 28.9  2
 299 35.20 0.017   0.0   0.0  247.46   5.966   618.3    3.62  604.082   7.067 28.9  2
Raw data available upon request
