Millstone Hill RedLine  Brightness and Temperature
Plate gap:  1.0525 FSR:   84.4553 bin units sensitivity: 60.00000[bin units*(adu/pixel)]*1/R
mh151101   flats: mh151101  quadratic background, Poisson weighting, ( sky  )   moon phase:  Waning gibbous ;
avg. brightness Z (R):   26.2 +/- 24.3 avg. error:   2.0
avg. brightness N (R):   34.2 +/- 27.6 avg. error:   2.2  avg. brightness S (R):   33.2 +/- 29.7 avg. error:   2.2
avg. brightness E (R):   34.7 +/- 26.7 avg. error:   2.3  avg. brightness W (R):   33.5 +/- 30.0 avg. error:   2.2
avg. background Z (R):   49.2 +/- 36.2 avg. error:   1.6
avg. background N (R):   49.6 +/- 28.2 avg. error:   1.2  avg. background S (R):   63.8 +/- 62.3 avg. error:   3.6
avg. background E (R):   61.8 +/- 51.2 avg. error:   2.0  avg. background W (R):   53.2 +/- 59.7 avg. error:   2.2
     avg. temp. Z (K):  889.4 +/- 57.4 avg. error:  46.2
     avg. temp. N (K):  898.3 +/- 45.2 avg. error:  36.1  avg. temp. S (K):  887.1 +/- 69.5 avg. error:  42.0
     avg. temp. E (K):  887.5 +/- 56.4 avg. error:  39.9  avg. temp. W (K):  901.1 +/- 61.4 avg. error:  37.8
data quality: code=0 trustworthy;  code=1 be suspicious;  code=2 be dubious
 
 
 
 
 
 
image tmid Etime   AZ    ZN   signal Esignal   bkgnd  Ebkgnd   temp    Etemp  moon code
  #   hrs  hrs    deg   deg      R      R         R      R      K        K      %
   5 22.32 0.021   0.0   0.0  131.02   4.584   227.1    2.52  867.506  14.712 65.0  1
   6 22.37 0.021   0.0  45.0  144.84   4.471   168.2    2.20  921.503  13.465 64.9  1
   7 22.42 0.021  90.0  45.0  104.99   3.783   117.9    1.85  922.785  15.702 64.9  1
   8 22.47 0.021 180.0  45.0  142.74   4.165   112.2   15.16  942.558  12.709 64.9  1
   9 22.53 0.021 270.0  45.0  163.51   4.183    82.8    1.58  954.659  10.924 64.9  1
  10 22.78 0.021   0.0   0.0   69.61   2.754    37.5    1.06  966.846  17.204 64.8  0
  11 22.83 0.021   0.0  45.0   88.17   3.047    41.8    1.12  961.462  14.802 64.8  0
  12 22.88 0.021  90.0  45.0   72.01   2.826    41.2    1.11  971.382  17.219 64.8  0
  13 22.94 0.021 180.0  45.0   80.55   2.933    39.9    1.10  973.859  15.860 64.8  0
  14 22.99 0.021 270.0  45.0   85.62   2.986    38.1    1.08  983.787  15.240 64.8  0
  15 23.04 0.021   0.0   0.0   57.84   2.557    35.3    8.46  959.333  19.273 64.8  0
  16 23.09 0.021   0.0  45.0   72.21   2.807    39.5    1.09  953.268  16.660 64.7  0
  17 23.15 0.021  90.0  45.0   58.48   2.604    40.0    1.09  939.998  19.101 64.7  0
  18 23.20 0.021 180.0  45.0   60.65   2.630    38.8    1.07  952.767  18.784 64.7  0
  19 23.25 0.021 270.0  45.0   66.68   2.711    37.3    1.06  974.220  17.871 64.7  0
  20 23.50 0.021   0.0   0.0   43.02   2.292    35.3    1.01  916.840  22.546 64.6  0
  21 23.55 0.021   0.0  45.0   57.38   2.571    38.6    1.07  931.743  19.025 64.6  0
  22 23.61 0.021  90.0  45.0   50.26   2.467    39.8    1.08  933.009  21.108 64.6  0
  23 23.66 0.021 180.0  45.0   50.15   2.445    37.8    1.05  933.947  20.916 64.6  0
  24 23.71 0.021 270.0  45.0   51.53   2.453    35.8    1.03  951.033  20.703 64.6  0
  25 23.77 0.021   0.0   0.0   37.90   2.186    34.1    1.00  926.360  24.852 64.5  0
  26 23.82 0.021   0.0  45.0   51.23   2.452    37.0    1.04  920.225  20.152 64.5  0
  27 23.87 0.021  90.0  45.0   43.97   2.349    38.8    1.07  934.768  23.208 64.5  0
  28 23.92 0.021 180.0  45.0   45.19   2.354    37.5    1.04  919.643  22.136 64.5  0
  29 23.98 0.021 270.0  45.0   45.70   2.343    35.6    1.02  921.203  21.727 64.5  0
  30 24.23 0.021   0.0   0.0   31.26   2.041    33.8    0.98  889.801  27.296 64.4  0
  31 24.28 0.021   0.0  45.0   43.32   2.319    36.8    1.04  940.897  23.345 64.4  0
  32 24.33 0.021  90.0  45.0   35.68   2.187    38.7    1.06  906.628  26.150 64.4  0
  33 24.39 0.021 180.0  45.0   38.55   2.221    36.9    1.03  898.893  24.140 64.4  0
  34 24.44 0.021 270.0  45.0   39.96   2.244    35.3    1.02  947.810  24.762 64.4  0
  35 24.49 0.021   0.0   0.0   28.24   1.978    33.0    0.98  924.809  30.677 64.3  0
  36 24.55 0.021   0.0  45.0   38.67   2.236    36.6    1.04  954.366  25.801 64.3  0
  37 24.60 0.021  90.0  45.0   32.06   2.110    37.7    1.04  924.689  28.834 64.3  0
  38 24.65 0.021 180.0  45.0   33.26   2.123    36.4    8.61  920.062  27.739 64.3  0
  39 24.70 0.021 270.0  45.0   36.93   2.174    35.4    1.01  898.067  24.637 64.3  0
  40 24.95 0.021   0.0   0.0   23.85   1.873    33.4    0.97  885.351  33.263 64.2  0
  41 25.00 0.021   0.0  45.0   35.38   2.153    36.1    1.02  902.205  25.714 64.2  0
  42 25.06 0.021  90.0  45.0   27.42   2.008    37.2    1.04  925.172  32.424 64.2  0
  43 25.11 0.021 180.0  45.0   28.47   2.014    35.7    1.02  925.546  31.166 64.2  0
  44 25.16 0.021 270.0  45.0   33.09   2.129    36.4    8.63  952.434  29.033 64.2  0
  45 25.22 0.021   0.0   0.0   22.39   1.835    32.5    0.96  910.449  35.839 64.1  0
  46 25.27 0.021   0.0  45.0   34.31   2.138    36.1    1.02  925.663  27.127 64.1  0
  47 25.32 0.021  90.0  45.0   26.12   1.980    37.0    1.03  937.525  34.149 64.1  0
  48 25.38 0.021 180.0  45.0   25.23   1.939    35.3    1.01  928.497  34.244 64.1  0
  49 25.43 0.021 270.0  45.0   31.22   2.072    35.9    1.02  922.310  28.954 64.1  0
  50 25.68 0.021   0.0   0.0   21.04   1.806    32.4    0.97  926.333  38.406 64.0  1
  51 25.73 0.021   0.0  45.0   28.96   2.026    35.6    1.02  936.396  31.171 64.0  0
  52 25.78 0.021  90.0  45.0   22.63   1.883    36.8    1.02  882.965  35.491 64.0  1
  53 25.84 0.021 180.0  45.0   20.71   1.820    35.0    1.00  895.808  38.169 64.0  1
  54 25.89 0.021 270.0  45.0   26.42   1.947    34.3    0.99  904.789  31.772 64.0  0
  55 25.94 0.021   0.0   0.0   18.26   1.722    32.1    0.95  885.132  40.554 63.9  1
  56 25.99 0.021   0.0  45.0   27.47   1.970    35.0    1.00  877.911  29.899 63.9  0
  57 26.05 0.021  90.0  45.0   19.30   1.804    36.1    1.01  916.231  41.864 63.9  1
  58 26.10 0.021 180.0  45.0   18.00   1.746    34.4    0.99  894.416  42.412 63.9  1
  59 26.15 0.021 270.0  45.0   22.13   1.841    33.8    0.98  900.668  36.105 63.9  1
  60 26.40 0.021   0.0   0.0   14.51   1.628    31.5    0.95  936.129  51.898 63.8  2
  61 26.46 0.021   0.0  45.0   22.33   1.850    34.5    0.99  885.250  35.316 63.8  1
  62 26.51 0.021  90.0  45.0   13.30   1.645    36.4    1.01  900.489  55.738 63.8  2
  63 26.56 0.021 180.0  45.0   14.57   1.676    34.4    1.00  966.482  55.351 63.8  2
  64 26.61 0.021 270.0  45.0   18.06   1.758    33.7    0.99  962.659  45.960 63.8  1
  65 26.67 0.021   0.0   0.0   12.12   1.567    31.3    0.95  970.959  62.835 63.7  2
  66 26.72 0.021   0.0  45.0   19.36   1.801    35.3    1.01  930.485  42.277 63.7  1
  67 26.77 0.021  90.0  45.0   11.80   1.606    35.9    1.01  932.552  64.035 63.7  2
  68 26.83 0.021 180.0  45.0   11.15   1.546    34.2    0.97  871.649  60.732 63.7  2
  69 26.88 0.021 270.0  45.0   15.64   1.685    32.9    0.98  964.454  51.350 63.7  1
  70 27.13 0.021   0.0   0.0    9.79   1.478    31.5    0.94  903.671  68.900 63.6  2
  71 27.18 0.021   0.0  45.0   16.45   1.705    34.2    0.98  900.685  45.911 63.6  1
  72 27.23 0.021  90.0  45.0   10.19   1.572    38.0    1.03  891.672  69.981 63.6  2
  73 27.29 0.021 180.0  45.0    9.29   1.504    33.9    0.98  934.676  77.097 63.6  2
  74 27.34 0.021 270.0  45.0   12.99   1.609    33.4    0.98  931.190  57.614 63.6  2
  75 27.39 0.021   0.0   0.0    9.18   1.456    31.5    0.94  892.082  71.621 63.5  2
  76 27.44 0.021   0.0  45.0   15.93   1.691    35.2    0.99  863.122  45.115 63.5  1
  78 27.55 0.021 180.0  45.0    8.48   1.450    34.6    0.97  819.592  71.279 63.5  2
  79 27.60 0.021 270.0  45.0   11.57   1.550    33.4    0.96  876.695  58.878 63.5  2
  80 27.85 0.021   0.0   0.0    9.51   1.496    32.0    8.04  957.809  76.773 63.4  2
  81 27.90 0.021   0.0  45.0   15.98   1.728    35.1    1.01  983.271  52.771 63.4  2
  82 27.96 0.021  90.0  45.0   10.19   1.621    39.6    1.07  979.935  79.919 63.4  2
  83 28.01 0.021 180.0  45.0   10.26   1.535    35.3    0.99  874.627  66.215 63.4  2
  84 28.06 0.021 270.0  45.0   12.85   1.603    33.8    0.98  908.883  56.581 63.4  2
  85 28.12 0.021   0.0   0.0   10.61   1.554    32.2    0.98 1043.734  77.615 63.3  2
  86 28.17 0.021   0.0  45.0   15.86   1.693    35.4    0.99  868.673  45.723 63.3  1
  87 28.22 0.021  90.0  45.0    9.97   1.615    41.4    1.08  914.330  75.882 63.3  2
  88 28.28 0.021 180.0  45.0   10.04   1.551    35.1    1.00  960.295  75.546 63.3  2
  89 28.33 0.021 270.0  45.0   13.14   1.603    34.0    0.97  875.043  53.140 63.3  2
  90 28.58 0.021   0.0   0.0    8.80   1.477    33.9    0.97  896.124  76.706 63.2  2
  91 28.63 0.021   0.0  45.0   15.77   1.711    36.8    1.01  878.243  47.126 63.2  2
  92 28.68 0.021  90.0  45.0    9.84   1.706    51.0    1.19  867.361  77.716 63.2  2
  93 28.74 0.021 180.0  45.0    9.96   1.558    37.0    1.02  911.155  72.633 63.2  2
  94 28.79 0.021 270.0  45.0   12.95   1.623    34.6    0.99  934.234  58.622 63.2  2
  95 28.84 0.021   0.0   0.0    9.28   1.513    34.8    0.99  927.083  77.108 63.1  2
  96 28.90 0.021   0.0  45.0   15.37   1.722    37.9    1.04  905.305  50.446 63.1  2
  97 28.95 0.021  90.0  45.0   10.57   1.779    56.5    1.24  850.094  73.917 63.1  2
  98 29.00 0.021 180.0  45.0   10.72   1.625    38.1    1.05 1005.525  77.875 63.1  2
  99 29.05 0.021 270.0  45.0   12.47   1.682    39.7    1.07  959.851  65.573 63.1  2
 100 29.42 0.021   0.0   0.0   10.25   1.632    44.2    1.10  844.947  68.796 63.0  2
 101 29.47 0.021   0.0  45.0   16.82   1.857    44.5    1.13  969.206  53.669 63.0  2
 105 29.68 0.021   0.0   0.0   10.51   1.775    56.5    1.24  843.632  73.634 62.9  2
 106 29.74 0.021   0.0  45.0   12.50   1.929    65.0    1.34  875.863  69.885 62.9  2
 110 30.14 0.021   0.0   0.0   11.01   1.814    60.8    1.28  802.762  68.287 62.8  2
 114 30.36 0.021 270.0  45.0   14.93   1.784    44.4    1.12  903.420  54.295 62.7  2
 115 30.41 0.021   0.0   0.0   13.81   1.792    48.1    1.16  890.426  58.572 62.7  2
 118 30.57 0.021 180.0  45.0   15.31   1.858    50.0    9.94  894.406  54.975 62.7  2
 119 30.62 0.021 270.0  45.0   15.88   1.775    41.7    1.08  892.458  49.760 62.6  2
 120 30.87 0.021   0.0   0.0   14.34   1.803    50.0    1.17  829.239  52.633 62.6  2
 121 30.92 0.021   0.0  45.0   17.49   1.962    55.6    1.25  885.230  50.043 62.6  2
 122 30.97 0.021  90.0  45.0   18.19   2.274    95.8    1.59  765.671  49.187 62.5  2
 123 31.03 0.021 180.0  45.0   16.31   2.106    75.1    1.44  854.230  56.604 62.5  2
 124 31.08 0.021 270.0  45.0   14.54   1.916    57.3    1.27  905.877  60.978 62.5  2
 126 31.19 0.021   0.0  45.0   15.12   2.050    71.0    1.40  873.695  60.925 62.5  2
 129 31.34 0.021 270.0  45.0   15.59   1.890    55.7    1.23  821.912  50.360 62.4  2
 130 31.59 0.021   0.0   0.0   16.79   1.807    44.5    1.10  825.602  44.110 62.4  2
 131 31.65 0.021   0.0  45.0   17.28   2.076    67.0    1.37  903.311  55.390 62.4  2
 132 31.70 0.021  90.0  45.0   22.53   2.500   105.4    1.71  874.685  49.920 62.3  2
 133 31.75 0.021 180.0  45.0   22.28   2.019    52.3    1.20  832.442  37.209 62.3  2
 134 31.80 0.021 270.0  45.0   20.94   1.936    46.4    1.13  849.677  38.654 62.3  1
 135 31.86 0.021   0.0   0.0   19.63   1.882    44.0    1.11  855.420  40.398 62.3  1
 136 31.91 0.021   0.0  45.0   22.36   1.905    40.2    1.06  854.578  35.343 62.3  1
 137 31.96 0.021  90.0  45.0   26.41   2.122    52.2    1.21  870.679  34.231 62.3  1
 138 32.02 0.021 180.0  45.0   26.06   2.059    47.3    1.15  848.303  32.532 62.3  1
 139 32.07 0.021 270.0  45.0   24.64   1.939    37.8    1.03  878.606  33.270 62.2  0
 140 32.82 0.021   0.0   0.0   19.33   1.932    50.3    1.17  833.655  41.361 62.0  2
 141 32.87 0.021   0.0  45.0   22.62   1.934    42.3    1.09  855.843  35.623 62.0  1
 142 32.92 0.021  90.0  45.0   26.57   2.168    57.4    1.26  852.528  34.166 62.0  1
 143 32.98 0.021 180.0  45.0   25.31   2.358    85.6    1.52  798.035  37.395 62.0  2
 144 33.03 0.021 270.0  45.0   26.06   2.031    43.2    1.10  888.194  33.499 62.0  1
 145 33.08 0.021   0.0   0.0   20.21   1.928    47.7    1.15  836.942  39.405 62.0  2
 146 33.14 0.021   0.0  45.0   23.48   1.976    44.2    1.11  862.510  35.362 61.9  1
 147 33.19 0.021  90.0  45.0   28.90   2.175    54.6   10.38  799.491  29.239 61.9  1
 149 33.29 0.021 270.0  45.0   28.74   2.088    43.2    1.11  888.244  31.026 61.9  1
 150 33.54 0.021   0.0   0.0   24.70   2.144    59.5    1.28  841.200  36.094 61.8  1
 151 33.60 0.021   0.0  45.0   26.84   2.041    42.8    1.10  881.831  32.356 61.8  1
 152 33.65 0.021  90.0  45.0   35.58   2.368    59.3   10.84  852.771  27.457 61.8  1
 153 33.70 0.021 180.0  45.0   33.62   2.554    89.9    1.56  810.068  30.545 61.8  2
 154 33.76 0.021 270.0  45.0   31.56   2.201    49.8    1.18  860.078  28.868 61.8  1
 155 33.81 0.021   0.0   0.0   27.22   2.187    56.9    1.26  876.772  34.593 61.8  1
 156 33.86 0.021   0.0  45.0   28.39   2.181    55.9    1.24  825.767  30.922 61.7  1
 157 33.91 0.021  90.0  45.0   37.10   2.397    62.0    1.30  811.883  25.261 61.7  1
 158 33.97 0.021 180.0  45.0   32.36   2.870   138.1   16.45  805.070  36.466 61.7  2
 159 34.02 0.021 270.0  45.0   30.89   2.337    67.8    1.36  830.773  30.863 61.7  1
 160 34.27 0.021   0.0   0.0   32.97   2.565    92.5    1.59  816.082  31.626 61.6  2
 161 34.32 0.021   0.0  45.0   36.42   2.405    63.7    1.33  827.055  26.414 61.6  1
 162 34.37 0.021  90.0  45.0   63.58   3.035    89.6    1.58  827.756  18.828 61.6  1
 163 34.43 0.021 180.0  45.0   45.45   3.113   151.1    2.00  752.167  25.803 61.6  2
 164 34.48 0.021 270.0  45.0   41.19   2.599    77.7    1.46  819.599  25.113 61.6  1
 165 34.53 0.021   0.0   0.0   49.99   2.847    95.1    1.60  778.186  21.475 61.6  1
 166 34.59 0.021   0.0  45.0   61.20   3.185   121.0    1.81  790.731  20.012 61.5  1
 167 34.64 0.021  90.0  45.0  108.22   4.555   291.0    2.79  774.544  16.151 61.5  2
 168 34.69 0.021 180.0  45.0   85.24   4.449   335.0   24.94  714.667  18.833 61.5  2
 169 34.74 0.021 270.0  45.0   60.23   4.244   367.3   26.68  672.749  24.422 61.5  2
Raw data available upon request
