Millstone Hill RedLine  Brightness and Temperature
Plate gap:  1.0525 FSR:   84.0761 bin units sensitivity: 60.00000[bin units*(adu/pixel)]*1/R
mh220301   flats: mh220301  quadratic background, Poisson weighting, ( sky  )   moon phase:  NEW      ; Moon 
avg. brightness Z (R):   17.0 +/- 14.5 avg. error:   1.8
avg. brightness N (R):   16.6 +/-  9.5 avg. error:   1.8  avg. brightness S (R):   19.4 +/- 14.0 avg. error:   1.9
avg. brightness E (R):   21.5 +/- 12.9 avg. error:   2.0  avg. brightness W (R):   17.2 +/- 14.2 avg. error:   1.8
avg. background Z (R):   43.5 +/- 18.5 avg. error:   1.1
avg. background N (R):   43.4 +/- 16.0 avg. error:   1.1  avg. background S (R):   49.8 +/- 30.9 avg. error:   1.2
avg. background E (R):   56.6 +/- 39.5 avg. error:   1.2  avg. background W (R):   44.8 +/- 20.8 avg. error:   1.1
     avg. temp. Z (K):  909.9 +/- 68.7 avg. error:  61.2
     avg. temp. N (K):  907.0 +/- 58.7 avg. error:  58.3  avg. temp. S (K):  943.7 +/- 65.4 avg. error:  58.8
     avg. temp. E (K):  895.9 +/- 63.7 avg. error:  51.1  avg. temp. W (K):  912.0 +/- 53.8 avg. error:  60.2
data quality: code=0 trustworthy;  code=1 be suspicious;  code=2 be dubious
Location latitude: 42.61, longitude: -71.48
SS-Analyze V05.02
 
 
 
 
image tmid Etime   AZ    ZN   signal Esignal   bkgnd  Ebkgnd   temp    Etemp  moon code
  #   hrs  hrs    deg   deg      R      R         R      R      K        K      %
   2 23.19 0.012  90.0  45.0   59.97   3.643   187.1    2.32  935.130  28.718  7.3  2
   3 23.24 0.012 180.0  45.0   67.00   3.663   169.7    2.23  978.700  26.795  7.3  2
   4 23.28 0.012 270.0  45.0   76.41   3.521   128.3    1.94  959.214  21.528  7.3  1
   5 23.33 0.012 270.0   0.0   80.06   3.459   109.5    1.81  984.226  20.466  7.2  1
   6 23.37 0.012   0.0  45.0   49.97   2.876    85.9    1.60  989.198  27.834  7.2  1
   7 23.41 0.012  90.0  45.0   44.51   2.856    94.8    1.67  984.911  31.324  7.2  1
   8 23.45 0.012 180.0  45.0   46.92   2.855    89.2    1.63  991.678  29.704  7.2  1
   9 23.49 0.012 270.0  45.0   45.81   2.731    76.5    1.50  979.654  28.479  7.2  1
  10 23.66 0.012 270.0   0.0   37.81   2.502    63.1    1.38 1035.679  33.548  7.2  1
  11 23.69 0.012   0.0  45.0   31.95   2.340    59.7    1.33  973.336  35.006  7.1  1
  12 23.73 0.012  90.0  45.0   27.79   2.354    69.7    1.43  983.196  41.704  7.1  2
  13 23.77 0.012 180.0  45.0   22.75   2.302    71.4    1.47 1059.939  54.650  7.1  2
  14 23.81 0.012 270.0  45.0   20.26   2.164    63.2    1.38 1050.563  57.130  7.1  2
  15 23.86 0.012 270.0   0.0   19.16   2.082    58.7    1.32 1018.218  56.136  7.1  2
  16 23.90 0.012   0.0  45.0   14.18   1.903    54.9    1.26  968.986  66.641  7.1  2
  17 23.94 0.012  90.0  45.0   14.27   1.985    62.9    1.35  957.726  68.652  7.1  2
  18 23.98 0.012 180.0  45.0   14.98   2.059    63.8    1.39 1072.596  76.374  7.1  2
  19 24.01 0.012 270.0  45.0   15.02   1.932    56.0    1.27  957.609  62.961  7.1  2
  20 24.18 0.012 270.0   0.0   13.15   1.875    52.7    1.25 1024.801  75.224  7.0  2
  21 24.22 0.012   0.0  45.0   11.46   1.812    49.6    1.22 1074.326  88.046  7.0  2
  24 24.34 0.012 270.0  45.0    9.36   1.747    52.7    1.23  960.427  93.499  7.0  2
  25 24.39 0.012 270.0   0.0    9.86   1.790    52.0    1.25 1057.803 100.331  7.0  2
  36 24.96 0.012   0.0  45.0   10.15   1.733    49.6    1.20  960.983  85.002  6.8  2
  37 25.00 0.012  90.0  45.0   11.39   1.893    59.3    1.32 1002.563  86.766  6.8  2
  38 25.04 0.012 180.0  45.0   12.48   1.959    63.0    1.36  997.215  81.349  6.8  2
  39 25.08 0.012 270.0  45.0   13.61   1.923    56.1    1.29 1022.020  74.459  6.8  2
  40 25.25 0.012 270.0   0.0   12.99   1.851    55.4    1.25  901.636  65.904  6.7  2
  41 25.28 0.012   0.0  45.0   12.39   1.805    50.5    1.21  961.507  71.906  6.7  2
  44 25.40 0.012 270.0  45.0    9.83   1.731    52.9    1.22  885.011  80.772  6.7  2
  45 25.45 0.012 270.0   0.0    9.27   1.757    52.7    1.24  995.356  98.635  6.7  2
 104 28.61 0.012 270.0  45.0    8.29   1.692    54.2    1.23  860.380  91.604  5.8  2
 105 28.67 0.012 270.0   0.0    8.88   1.689    50.5    1.20  913.211  90.410  5.8  2
 106 28.70 0.012   0.0  45.0    8.35   1.726    52.6    1.23  981.287 106.300  5.8  2
 108 28.78 0.012 180.0  45.0    9.91   1.754    50.2    1.21 1016.234  93.625  5.7  2
 109 28.82 0.012 270.0  45.0   12.13   1.614    35.8    1.02  937.319  62.841  5.7  2
 110 29.30 0.012 270.0   0.0    8.11   1.422    31.3    0.95  915.499  82.018  5.6  2
 111 29.34 0.012   0.0  45.0    8.37   1.579    41.4    1.09  959.174  93.773  5.6  2
 112 29.38 0.012  90.0  45.0    8.36   1.611    45.4    1.13  909.544  90.923  5.6  2
 113 29.42 0.012 180.0  45.0    8.92   1.675    46.2    1.16 1012.075  99.033  5.6  2
 119 29.67 0.012 270.0  45.0    8.47   1.608    46.0    1.13  873.620  85.861  5.5  2
 120 29.83 0.012 270.0   0.0    8.01   1.391    29.8    0.92  892.765  78.976  5.4  2
 121 29.87 0.012   0.0  45.0    8.07   1.499    39.4    1.04  831.258  79.408  5.4  2
 122 29.91 0.012  90.0  45.0    8.81   1.622    44.8    1.13  923.268  88.070  5.4  2
 123 29.95 0.012 180.0  45.0    9.79   1.537    36.0    1.01  908.316  72.626  5.4  2
 124 30.00 0.012 270.0  45.0    9.37   1.547    38.9    1.04  868.136  73.298  5.4  2
 125 30.05 0.012 270.0   0.0    7.91   1.469    36.1    1.01  880.085  84.038  5.4  2
 126 30.09 0.012   0.0  45.0    8.32   1.524    40.4    1.06  842.683  79.471  5.4  2
 128 30.16 0.012 180.0  45.0    8.68   1.582    40.7    1.08  962.561  90.749  5.3  2
 129 30.20 0.012 270.0  45.0    9.94   1.485    33.1    0.96  850.715  64.155  5.3  2
 130 30.37 0.012 270.0   0.0    7.56   1.397    30.4    0.93  935.643  88.630  5.3  2
 131 30.41 0.012   0.0  45.0    8.17   1.531    40.1    1.06  883.359  85.376  5.3  2
 132 30.45 0.012  90.0  45.0    8.77   1.598    42.6    1.10  932.885  87.905  5.3  2
 133 30.49 0.012 180.0  45.0    8.48   1.475    32.8    0.98  980.435  87.521  5.3  2
 134 30.52 0.012 270.0  45.0    7.86   1.465    34.0    0.99  959.370  92.131  5.2  2
 135 30.57 0.012 270.0   0.0    7.30   1.348    29.4    0.90  852.275  80.209  5.2  2
 136 30.61 0.012   0.0  45.0    9.61   1.495    33.5    0.97  899.697  71.047  5.2  2
 137 30.66 0.012  90.0  45.0   10.54   1.517    33.3    0.97  883.430  64.094  5.2  2
 138 30.69 0.012 180.0  45.0    7.84   1.564    42.5    1.10  924.108  95.822  5.2  2
 139 30.73 0.012 270.0  45.0    7.49   1.533    39.5    1.07  975.550 103.831  5.2  2
 140 30.90 0.012 270.0   0.0    7.75   1.495    38.8    1.04  868.487  86.458  5.1  2
 141 30.94 0.012   0.0  45.0    9.67   1.505    35.6    0.99  838.541  66.204  5.1  2
 142 30.99 0.012  90.0  45.0    9.73   1.576    42.4    1.07  801.693  66.285  5.1  2
 143 31.03 0.012 180.0  45.0   10.91   1.517    31.2    0.95  939.051  65.689  5.1  2
 144 31.07 0.012 270.0  45.0   11.85   1.509    29.3    0.91  899.395  56.970  5.1  1
 145 31.12 0.012 270.0   0.0   10.30   1.455    28.1    0.90  936.249  66.304  5.1  2
 146 31.16 0.012   0.0  45.0   13.69   1.564    29.4    0.92  897.082  50.516  5.1  1
 147 31.20 0.012  90.0  45.0   14.60   1.636    30.9    0.96  992.623  55.132  5.1  1
 148 31.23 0.012 180.0  45.0   12.20   1.522    30.2    0.92  864.847  53.543  5.1  2
 149 31.27 0.012 270.0  45.0   12.30   1.512    29.0    0.91  879.177  53.522  5.0  1
 150 31.44 0.012 270.0   0.0   10.02   1.438    27.9    0.89  919.382  66.188  5.0  2
 151 31.48 0.012   0.0  45.0   12.67   1.525    29.2    0.91  875.861  52.120  5.0  1
 152 31.53 0.012  90.0  45.0   14.00   1.579    30.9    0.93  850.103  47.209  5.0  1
 153 31.56 0.012 180.0  45.0   12.61   1.559    30.3    0.94  948.893  58.403  5.0  1
 154 31.60 0.012 270.0  45.0   11.12   1.483    29.9    0.92  858.779  57.096  4.9  2
 155 31.65 0.012 270.0   0.0   10.03   1.457    29.5    0.92  907.587  66.332  4.9  2
 156 31.69 0.012   0.0  45.0   13.09   1.552    29.8    0.92  895.625  52.518  4.9  1
 157 31.74 0.012  90.0  45.0   15.09   1.655    33.8    0.98  883.359  47.834  4.9  1
 158 31.77 0.012 180.0  45.0   12.55   1.564    30.8    0.95  948.470  58.957  4.9  2
 159 31.81 0.012 270.0  45.0   10.78   1.483    30.0    0.92  887.461  61.091  4.9  2
 160 31.98 0.012 270.0   0.0    9.42   1.580    44.2    1.09  779.336  66.864  4.8  2
 161 32.02 0.013   0.0  45.0   13.86   1.638    35.3    1.00  876.407  51.521  4.8  1
 162 32.06 0.013  90.0  45.0   13.58   1.803    49.0    1.18  917.101  61.959  4.8  2
 164 32.13 0.013 270.0  45.0   11.94   1.515    29.1    0.92  922.940  58.316  4.8  2
 165 32.18 0.013 270.0   0.0   11.64   1.474    28.3    0.89  848.948  53.232  4.8  1
 166 32.22 0.013   0.0  45.0   15.58   1.613    29.7    0.92  869.299  43.928  4.8  1
 167 32.26 0.013  90.0  45.0   18.60   1.719    31.7    0.95  873.045  39.113  4.8  1
 168 32.30 0.013 180.0  45.0   14.59   1.613    30.3    0.94  941.245  51.366  4.8  1
 169 32.34 0.013 270.0  45.0   12.89   1.538    29.3    0.91  892.847  52.718  4.7  1
 170 32.51 0.013 270.0   0.0   13.96   1.564    28.6    0.91  906.844  49.944  4.7  1
 171 32.55 0.013   0.0  45.0   18.06   1.693    30.4    0.93  885.997  40.259  4.7  1
 172 32.59 0.013  90.0  45.0   21.96   1.811    32.6    0.96  867.744  34.345  4.7  0
 173 32.63 0.013 180.0  45.0   18.30   1.715    31.6    0.95  889.484  40.489  4.7  1
 174 32.67 0.013 270.0  45.0   16.93   1.680    30.8    0.95  926.858  44.949  4.7  1
 175 32.72 0.013 270.0   0.0   16.41   1.620    29.1    0.90  841.651  40.290  4.6  1
 176 32.75 0.013   0.0  45.0   19.35   1.719    30.3    0.93  866.571  37.072  4.6  0
 177 32.79 0.013  90.0  45.0   23.46   1.846    33.4    0.97  834.589  31.349  4.6  0
 178 32.83 0.013 180.0  45.0   21.20   1.798    31.6    0.96  930.774  38.082  4.6  0
 179 32.87 0.013 270.0  45.0   18.23   1.702    30.3    0.93  906.762  41.041  4.6  1
 180 33.04 0.013 270.0   0.0   18.31   1.671    28.5    0.90  868.981  38.174  4.5  0
 181 33.08 0.013   0.0  45.0   20.94   1.765    30.0    0.93  901.004  36.441  4.5  0
 182 33.11 0.013  90.0  45.0   27.12   1.939    32.5    0.97  905.529  30.697  4.5  0
 183 33.15 0.013 180.0  45.0   23.59   1.845    31.5    0.95  899.565  33.608  4.5  0
 184 33.19 0.013 270.0  45.0   20.43   1.745    29.9    0.92  880.828  36.111  4.5  0
 185 33.24 0.013 270.0   0.0   19.51   1.702    29.2    0.91  838.953  35.087  4.5  0
 186 33.28 0.013   0.0  45.0   22.62   1.801    30.4    0.93  866.675  32.871  4.5  0
 187 33.33 0.013  90.0  45.0   28.63   1.965    32.8    0.97  869.230  28.119  4.5  0
 188 33.37 0.013 180.0  45.0   27.10   1.936    32.2    0.97  906.000  30.664  4.5  0
 189 33.41 0.013 270.0  45.0   23.32   1.822    30.6    0.94  876.651  32.617  4.4  0
 190 33.58 0.013 270.0   0.0   24.00   1.906    35.8    1.02  905.715  34.625  4.4  0
 191 33.62 0.013   0.0  45.0   22.50   1.910    40.2    1.07  869.705  35.882  4.4  1
 192 33.65 0.013  90.0  45.0   30.67   2.112    43.7    1.11  837.784  27.546  4.4  0
 193 33.70 0.013 180.0  45.0   29.86   2.086    41.8    1.09  866.090  28.925  4.4  0
 194 33.74 0.013 270.0  45.0   25.00   1.961    39.7    1.06  869.392  32.883  4.4  0
 195 33.79 0.013 270.0   0.0   27.23   1.988    37.5    1.04  876.800  30.583  4.3  0
 196 33.83 0.013   0.0  45.0   24.88   1.979    40.8    1.08  896.340  34.517  4.3  0
 197 33.87 0.013  90.0  45.0   33.76   2.212    46.2    1.15  876.405  27.418  4.3  0
 198 33.91 0.013 180.0  45.0   30.45   2.154    47.8    1.16  853.258  29.041  4.3  0
 199 33.95 0.013 270.0  45.0   28.54   2.046    40.1    1.07  882.540  30.285  4.3  0
 200 34.12 0.013 270.0   0.0   24.79   2.060    49.2    1.18  885.462  36.068  4.2  1
 201 34.16 0.013   0.0  45.0   14.33   1.789    48.3    1.16  848.427  53.467  4.2  2
 202 34.21 0.013  90.0  45.0   15.21   2.013    69.7    1.38  824.132  55.887  4.2  2
 203 34.24 0.013 180.0  45.0   15.22   2.004    69.3    1.38  812.534  54.771  4.2  2
 204 34.29 0.013 270.0  45.0   14.83   1.829    51.7    1.19  827.694  51.571  4.2  2
 205 34.34 0.013 270.0   0.0   15.26   1.879    55.9    1.24  816.537  50.902  4.2  2
 209 34.49 0.013 270.0  45.0    9.62   1.772    57.2    1.26  884.330  84.791  4.1  2
 210 34.66 0.013 270.0   0.0   26.36   2.328    75.5    1.46  869.970  38.484  4.1  2
 211 34.70 0.013   0.0  45.0   28.24   2.488    90.8    1.59  868.488  38.577  4.1  2
 212 34.74 0.013  90.0  45.0   33.54   2.936   152.6    2.02  759.067  33.902  4.1  2
Raw data available upon request
